SczhEnG_1004	scaffold7223.1|size20424	96.522	460	15	1	1646	2104	7293	7752	0.0	760
SczhEnG_1112	Smic.scaffold329|size650373	97.059	68	2	0	12664	12731	25585	25652	3.30e-22	115
SczhEnG_1132	scaffold8101.1|size12358	89.666	329	31	3	1032	1360	8845	9170	1.27e-113	416
SczhEnG_1323	scaffold7872.1|size8912	98.148	54	1	0	315	368	531	584	4.98e-17	95.3
SczhEnG_1429	scaffold7872.1|size8912	96.330	109	4	0	612	720	627	735	1.51e-42	180
SczhEnG_1446	scaffold4826.1|size34275	73.717	643	147	15	1059	1692	4386	5015	8.43e-58	231
SczhEnG_1713	scaffold24816.1|size433	80.074	271	45	9	5779	6044	167	433	9.63e-46	193
SczhEnG_1873	scaffold9461.1|size9599	91.379	58	4	1	960	1017	6186	6242	2.89e-12	78.7
SczhEnG_191	scaffold5386.1|size30911	80.217	460	76	14	20041	20496	24111	23663	6.31e-87	331
SczhEnG_2099	Smic.scaffold36|size1537832	91.071	168	13	2	5210	5376	1076594	1076428	5.29e-56	226
SczhEnG_2143	scaffold8153.1|size7498	89.454	1081	91	8	174	1250	1593	532	0.0	1343
SczhEnG_2183	Smic.scaffold21|size1804639	93.588	1310	79	3	4930	6236	552112	550805	0.0	1949
SczhEnG_2242	scaffold8101.1|size12358	90.130	385	23	7	182	554	7231	7612	6.07e-135	486
SczhEnG_2252	scaffold61392.1|size105	89.041	73	4	4	39741	39811	31	101	6.75e-13	87.9
SczhEnG_2336	scaffold11468.1|size9254	98.969	97	0	1	2570	2666	6801	6706	1.14e-39	172
SczhEnG_2353	scaffold8198.1|size7337	92.791	971	68	2	248	1217	3543	4512	0.0	1404
SczhEnG_2411	scaffold4998.1|size31953	99.310	1450	9	1	1	1450	3669	2221	0.0	2621
SczhEnG_2434	Smic.scaffold4893|size2280	97.346	2148	54	3	1	2145	2270	123	0.0	3666
SczhEnG_2511	Smic.scaffold784|size352039	91.579	95	8	0	1002	1096	173074	172980	2.70e-28	132
SczhEnG_2655	scaffold4969.1|size69705	96.093	691	25	2	7970	8659	27990	27301	0.0	1125
SczhEnG_270	scaffold6685.1|size41654	99.074	108	1	0	3429	3536	30812	30919	1.04e-46	195
SczhEnG_280	scaffold1899.1|size238565	75.393	191	41	6	3873	4060	76662	76475	5.40e-14	87.9
SczhEnG_2978	scaffold61392.1|size105	88.889	81	4	5	302830	302908	103	26	2.89e-14	95.3
SczhEnG_2998	scaffold6672.1|size41386	98.030	1421	28	0	5421	6841	22824	21404	0.0	2470
SczhEnG_3178	Smic.scaffold2140|size29419	89.062	64	6	1	15178	15241	11072	11010	4.68e-11	78.7
SczhEnG_3238	Smic.scaffold4887|size2287	98.885	897	10	0	1	897	1391	2287	0.0	1602
SczhEnG_3253	Smic.scaffold1568|size116476	85.124	121	16	1	563900	564018	72695	72815	7.69e-23	122
SczhEnG_3284	scaffold7223.1|size20424	81.915	282	42	1	1222	1494	13303	13584	1.69e-57	230
SczhEnG_3309	scaffold3929.1|size57123	86.547	223	26	4	482	701	5260	5039	1.60e-61	243
SczhEnG_3323	scaffold3736.1|size51197	79.703	202	40	1	222291	222491	25786	25585	1.02e-29	145
SczhEnG_3398	scaffold7963.1|size8410	100.000	47	0	0	3323	3369	6954	6908	1.64e-14	87.9
SczhEnG_343	Smic.scaffold368|size616353	74.460	1065	173	74	31065	32067	230112	229085	5.36e-98	368
SczhEnG_3525	scaffold8332.1|size6794	96.499	657	23	0	289	945	171	827	0.0	1086
SczhEnG_3550	Smic.scaffold473|size535369	96.809	94	2	1	580	672	186484	186391	2.63e-35	156
SczhEnG_3638	Smic.scaffold6096|size1548	85.227	88	12	1	88930	89016	977	1064	2.17e-13	89.8
SczhEnG_3646	scaffold7769.1|size9393	91.568	759	64	0	95	853	310	1068	0.0	1048
SczhEnG_3738	scaffold7592.1|size12598	93.492	461	28	2	1575	2034	5895	5436	0.0	684
SczhEnG_3860	scaffold10976.1|size7142	90.049	814	63	11	1136	1935	4517	3708	0.0	1038
SczhEnG_3894	Smic.scaffold5009|size2150	89.013	1165	119	8	768	1926	989	2150	0.0	1434
SczhEnG_3916	scaffold7764.1|size9425	92.222	90	6	1	27979	28067	2290	2201	1.45e-24	126
SczhEnG_3922	Smic.scaffold4887|size2287	98.243	1138	18	2	1	1137	261	1397	0.0	1989
SczhEnG_4071	scaffold7719.1|size11670	88.388	732	47	20	801	1517	1213	1921	0.0	846
SczhEnG_4129	scaffold7724.1|size9700	90.993	755	68	0	177	931	332	1086	0.0	1018
SczhEnG_4231	Smic.scaffold259|size756430	79.355	155	32	0	554771	554925	646880	647034	1.49e-18	110
SczhEnG_4270	scaffold7769.1|size9393	86.917	1307	125	21	243	1545	1087	2351	0.0	1426
SczhEnG_4358	scaffold7767.1|size9408	92.530	589	40	4	334	920	8892	8306	0.0	841
SczhEnG_4404	scaffold8230.1|size7169	96.468	453	15	1	87	538	2705	3157	0.0	747
SczhEnG_483	scaffold61392.1|size105	90.000	80	3	5	144619	144695	104	27	1.33e-15	99.0
SczhEnG_801	Smic.scaffold8831|size1107	98.526	814	12	0	340	1153	1	814	0.0	1437
SczhEnG_843	Smic.scaffold1636|size102862	82.979	94	16	0	446353	446446	88760	88667	8.61e-12	86.1
SczhEnG_98	Smic.scaffold4300|size3268	97.153	1721	48	1	1	1721	243	1962	0.0	2905
