SczhEnG_98	Smic.scaffold4300|size3268	97.153	1721	48	1	1	1721	243	1962	0.0	2905
SczhEnG_98	Smic.scaffold4300|size3268	89.474	494	52	0	2652	3145	2775	3268	2.64e-176	625
SczhEnG_191	scaffold5386.1|size30911	80.217	460	76	14	20041	20496	24111	23663	6.31e-87	331
SczhEnG_191	scaffold5386.1|size30911	90.840	131	11	1	11022	11151	22373	22243	1.12e-39	174
SczhEnG_270	scaffold6685.1|size41654	99.074	108	1	0	3429	3536	30812	30919	1.04e-46	195
SczhEnG_280	scaffold1899.1|size238565	75.393	191	41	6	3873	4060	76662	76475	5.40e-14	87.9
SczhEnG_343	Smic.scaffold368|size616353	74.460	1065	173	74	31065	32067	230112	229085	5.36e-98	368
SczhEnG_343	Smic.scaffold368|size616353	74.342	1064	171	74	30686	31686	230109	229085	3.22e-95	359
SczhEnG_343	Smic.scaffold368|size616353	74.291	1058	175	75	30665	31658	230109	229085	1.16e-94	357
SczhEnG_343	Smic.scaffold368|size616353	74.291	1058	170	76	31056	32053	230100	229085	1.50e-93	353
SczhEnG_343	Smic.scaffold368|size616353	74.237	1048	174	74	30707	31691	230109	229095	5.40e-93	351
SczhEnG_343	Smic.scaffold368|size616353	74.036	1063	174	74	30728	31727	230109	229086	1.17e-89	340
SczhEnG_343	Smic.scaffold368|size616353	74.019	1070	171	81	31028	32032	230112	229085	1.51e-88	337
SczhEnG_343	Smic.scaffold368|size616353	73.921	1066	178	72	30641	31644	230112	229085	1.51e-88	337
SczhEnG_343	Smic.scaffold368|size616353	73.930	1051	177	74	30490	31480	230109	229096	1.95e-87	333
SczhEnG_343	Smic.scaffold368|size616353	73.884	1053	178	79	30443	31428	230107	229085	7.03e-87	331
SczhEnG_343	Smic.scaffold368|size616353	74.074	1026	166	78	30982	31931	230095	229094	2.53e-86	329
SczhEnG_343	Smic.scaffold368|size616353	74.078	1030	166	78	30988	31940	230110	229105	2.53e-86	329
SczhEnG_343	Smic.scaffold368|size616353	73.950	1048	170	77	30933	31911	230106	229093	9.09e-86	327
SczhEnG_343	Smic.scaffold368|size616353	74.514	926	155	69	30444	31310	229996	229093	9.09e-86	327
SczhEnG_343	Smic.scaffold368|size616353	74.514	926	155	69	30444	31310	230018	229115	9.09e-86	327
SczhEnG_343	Smic.scaffold368|size616353	74.514	926	155	69	30444	31310	230084	229181	9.09e-86	327
SczhEnG_343	Smic.scaffold368|size616353	73.892	1038	173	78	30845	31802	230112	229093	3.27e-85	326
SczhEnG_343	Smic.scaffold368|size616353	74.133	1009	162	77	31008	31940	230112	229127	3.27e-85	326
SczhEnG_343	Smic.scaffold368|size616353	73.990	1015	168	75	30802	31739	230112	229117	1.18e-84	324
SczhEnG_343	Smic.scaffold368|size616353	73.837	1032	174	73	30508	31480	230112	229118	4.23e-84	322
SczhEnG_343	Smic.scaffold368|size616353	73.684	1064	178	74	30623	31623	230109	229085	1.52e-83	320
SczhEnG_343	Smic.scaffold368|size616353	73.812	1031	174	76	30623	31580	230102	229095	1.52e-83	320
SczhEnG_343	Smic.scaffold368|size616353	73.861	1010	170	75	30623	31561	230080	229094	1.97e-82	316
SczhEnG_343	Smic.scaffold368|size616353	73.654	1059	174	80	30889	31876	230109	229085	2.55e-81	313
SczhEnG_483	scaffold61392.1|size105	90.000	80	3	5	144619	144695	104	27	1.33e-15	99.0
SczhEnG_801	Smic.scaffold8831|size1107	98.526	814	12	0	340	1153	1	814	0.0	1437
SczhEnG_843	Smic.scaffold1636|size102862	82.979	94	16	0	446353	446446	88760	88667	8.61e-12	86.1
SczhEnG_1004	scaffold7223.1|size20424	96.522	460	15	1	1646	2104	7293	7752	0.0	760
SczhEnG_1004	scaffold7223.1|size20424	96.241	133	2	3	1623	1752	7156	7288	4.99e-53	215
SczhEnG_1112	Smic.scaffold329|size650373	97.059	68	2	0	12664	12731	25585	25652	3.30e-22	115
SczhEnG_1132	scaffold8101.1|size12358	89.666	329	31	3	1032	1360	8845	9170	1.27e-113	416
SczhEnG_1132	scaffold8101.1|size12358	83.462	260	35	5	1233	1488	9172	9427	3.81e-59	235
SczhEnG_1323	scaffold7872.1|size8912	98.148	54	1	0	315	368	531	584	4.98e-17	95.3
SczhEnG_1323	scaffold7872.1|size8912	98.148	54	1	0	315	368	627	680	4.98e-17	95.3
SczhEnG_1323	scaffold7872.1|size8912	98.148	54	1	0	315	368	3970	4023	4.98e-17	95.3
SczhEnG_1323	scaffold7872.1|size8912	98.148	54	1	0	315	368	5999	6052	4.98e-17	95.3
SczhEnG_1323	scaffold7872.1|size8912	98.148	54	1	0	315	368	6095	6148	4.98e-17	95.3
SczhEnG_1429	scaffold7872.1|size8912	96.330	109	4	0	612	720	627	735	1.51e-42	180
SczhEnG_1429	scaffold7872.1|size8912	96.330	109	4	0	612	720	3970	4078	1.51e-42	180
SczhEnG_1429	scaffold7872.1|size8912	96.330	109	4	0	612	720	6095	6203	1.51e-42	180
SczhEnG_1429	scaffold7872.1|size8912	96.250	80	3	0	612	691	531	610	4.28e-28	132
SczhEnG_1429	scaffold7872.1|size8912	96.250	80	3	0	612	691	5999	6078	4.28e-28	132
SczhEnG_1446	scaffold4826.1|size34275	73.717	643	147	15	1059	1692	4386	5015	8.43e-58	231
SczhEnG_1713	scaffold24816.1|size433	80.074	271	45	9	5779	6044	167	433	9.63e-46	193
SczhEnG_1873	scaffold9461.1|size9599	91.379	58	4	1	960	1017	6186	6242	2.89e-12	78.7
SczhEnG_2099	Smic.scaffold36|size1537832	91.071	168	13	2	5210	5376	1076594	1076428	5.29e-56	226
SczhEnG_2143	scaffold8153.1|size7498	89.454	1081	91	8	174	1250	1593	532	0.0	1343
SczhEnG_2143	scaffold8153.1|size7498	89.454	1081	91	8	174	1250	7591	6530	0.0	1343
SczhEnG_2143	scaffold8153.1|size7498	93.435	655	43	0	596	1250	3389	2735	0.0	972
SczhEnG_2143	scaffold8153.1|size7498	89.062	128	13	1	291	417	3518	3391	4.75e-36	158
SczhEnG_2183	Smic.scaffold21|size1804639	93.588	1310	79	3	4930	6236	552112	550805	0.0	1949
SczhEnG_2183	Smic.scaffold21|size1804639	88.163	245	25	3	3871	4112	553422	553179	6.28e-73	289
SczhEnG_2183	Smic.scaffold21|size1804639	100.000	123	0	0	4515	4637	552548	552426	1.39e-54	228
SczhEnG_2183	Smic.scaffold21|size1804639	100.000	54	0	0	939	992	552585	552532	3.16e-16	100
SczhEnG_2242	scaffold8101.1|size12358	90.130	385	23	7	182	554	7231	7612	6.07e-135	486
SczhEnG_2252	scaffold61392.1|size105	89.041	73	4	4	39741	39811	31	101	6.75e-13	87.9
SczhEnG_2336	scaffold11468.1|size9254	98.969	97	0	1	2570	2666	6801	6706	1.14e-39	172
SczhEnG_2353	scaffold8198.1|size7337	92.791	971	68	2	248	1217	3543	4512	0.0	1404
SczhEnG_2353	scaffold8198.1|size7337	93.388	242	16	0	891	1132	384	625	1.91e-96	359
SczhEnG_2353	scaffold8198.1|size7337	93.388	242	16	0	891	1132	6153	6394	1.91e-96	359
SczhEnG_2353	scaffold8198.1|size7337	94.500	200	11	0	166	365	3342	3541	1.95e-81	309
SczhEnG_2353	scaffold8198.1|size7337	93.500	200	10	2	1053	1251	615	812	5.47e-77	294
SczhEnG_2353	scaffold8198.1|size7337	92.647	204	15	0	1255	1458	982	1185	5.47e-77	294
SczhEnG_2353	scaffold8198.1|size7337	93.500	200	10	2	1053	1251	6384	6581	5.47e-77	294
SczhEnG_2353	scaffold8198.1|size7337	92.647	204	15	0	1255	1458	6751	6954	5.47e-77	294
SczhEnG_2353	scaffold8198.1|size7337	90.640	203	19	0	1321	1523	1187	1389	9.22e-70	270
SczhEnG_2353	scaffold8198.1|size7337	90.640	203	19	0	1321	1523	6956	7158	9.22e-70	270
SczhEnG_2353	scaffold8198.1|size7337	94.253	174	10	0	776	949	207	380	1.19e-68	267
SczhEnG_2353	scaffold8198.1|size7337	94.253	174	10	0	776	949	5976	6149	1.19e-68	267
SczhEnG_2411	scaffold4998.1|size31953	99.310	1450	9	1	1	1450	3669	2221	0.0	2621
SczhEnG_2411	scaffold4998.1|size31953	94.419	215	10	2	1564	1777	7496	7709	1.28e-87	329
SczhEnG_2411	scaffold4998.1|size31953	84.615	78	10	2	1587	1664	7562	7637	1.84e-11	76.8
SczhEnG_2434	Smic.scaffold4893|size2280	97.346	2148	54	3	1	2145	2270	123	0.0	3666
SczhEnG_2511	Smic.scaffold784|size352039	91.579	95	8	0	1002	1096	173074	172980	2.70e-28	132
SczhEnG_2655	scaffold4969.1|size69705	96.093	691	25	2	7970	8659	27990	27301	0.0	1125
SczhEnG_2978	scaffold61392.1|size105	88.889	81	4	5	302830	302908	103	26	2.89e-14	95.3
SczhEnG_2978	scaffold61392.1|size105	89.189	74	4	4	764255	764326	103	32	1.34e-12	89.8
SczhEnG_2978	scaffold61392.1|size105	87.838	74	5	4	761402	761473	103	32	6.25e-11	84.2
SczhEnG_2998	scaffold6672.1|size41386	98.030	1421	28	0	5421	6841	22824	21404	0.0	2470
SczhEnG_2998	scaffold6672.1|size41386	98.113	795	14	1	5421	6214	24578	23784	0.0	1384
SczhEnG_2998	scaffold6672.1|size41386	97.602	417	9	1	6072	6488	23781	23366	0.0	713
SczhEnG_3178	Smic.scaffold2140|size29419	89.062	64	6	1	15178	15241	11072	11010	4.68e-11	78.7
SczhEnG_3178	Smic.scaffold2140|size29419	89.062	64	6	1	15178	15241	12473	12411	4.68e-11	78.7
SczhEnG_3238	Smic.scaffold4887|size2287	98.885	897	10	0	1	897	1391	2287	0.0	1602
SczhEnG_3253	Smic.scaffold1568|size116476	85.124	121	16	1	563900	564018	72695	72815	7.69e-23	122
SczhEnG_3284	scaffold7223.1|size20424	81.915	282	42	1	1222	1494	13303	13584	1.69e-57	230
SczhEnG_3284	scaffold7223.1|size20424	81.915	282	42	1	1222	1494	15466	15747	1.69e-57	230
SczhEnG_3284	scaffold7223.1|size20424	81.915	282	42	1	1222	1494	18998	19279	1.69e-57	230
SczhEnG_3309	scaffold3929.1|size57123	86.547	223	26	4	482	701	5260	5039	1.60e-61	243
SczhEnG_3323	scaffold3736.1|size51197	79.703	202	40	1	222291	222491	25786	25585	1.02e-29	145
SczhEnG_3398	scaffold7963.1|size8410	100.000	47	0	0	3323	3369	6954	6908	1.64e-14	87.9
SczhEnG_3525	scaffold8332.1|size6794	96.499	657	23	0	289	945	171	827	0.0	1086
SczhEnG_3525	scaffold8332.1|size6794	96.499	657	23	0	289	945	5961	6617	0.0	1086
SczhEnG_3525	scaffold8332.1|size6794	97.521	121	3	0	825	945	2782	2902	4.22e-51	207
SczhEnG_3550	Smic.scaffold473|size535369	96.809	94	2	1	580	672	186484	186391	2.63e-35	156
SczhEnG_3638	Smic.scaffold6096|size1548	85.227	88	12	1	88930	89016	977	1064	2.17e-13	89.8
SczhEnG_3646	scaffold7769.1|size9393	91.568	759	64	0	95	853	310	1068	0.0	1048
SczhEnG_3646	scaffold7769.1|size9393	91.803	366	24	6	760	1122	3334	3696	1.93e-140	505
SczhEnG_3646	scaffold7769.1|size9393	91.803	366	24	6	760	1122	9005	9367	1.93e-140	505
SczhEnG_3738	scaffold7592.1|size12598	93.492	461	28	2	1575	2034	5895	5436	0.0	684
SczhEnG_3738	scaffold7592.1|size12598	93.492	461	28	2	1575	2034	11737	11278	0.0	684
SczhEnG_3738	scaffold7592.1|size12598	93.217	457	29	2	1575	2030	2183	1728	0.0	671
SczhEnG_3738	scaffold7592.1|size12598	92.705	329	21	3	1707	2034	482	156	2.67e-130	472
SczhEnG_3738	scaffold7592.1|size12598	87.123	365	33	8	619	976	8800	8443	3.56e-109	401
SczhEnG_3738	scaffold7592.1|size12598	87.915	331	37	3	993	1323	2542	2215	9.96e-105	387
SczhEnG_3738	scaffold7592.1|size12598	82.864	391	32	14	1112	1492	6255	5890	3.69e-84	318
SczhEnG_3738	scaffold7592.1|size12598	82.864	391	32	14	1112	1492	12097	11732	3.69e-84	318
SczhEnG_3738	scaffold7592.1|size12598	91.608	143	12	0	619	761	6476	6334	5.01e-48	198
SczhEnG_3738	scaffold7592.1|size12598	91.608	143	12	0	619	761	12318	12176	5.01e-48	198
SczhEnG_3738	scaffold7592.1|size12598	97.872	47	1	0	1446	1492	2224	2178	5.26e-13	82.4
SczhEnG_3860	scaffold10976.1|size7142	90.049	814	63	11	1136	1935	4517	3708	0.0	1038
SczhEnG_3860	scaffold10976.1|size7142	87.571	531	57	8	896	1422	872	347	1.87e-171	608
SczhEnG_3860	scaffold10976.1|size7142	87.571	531	57	8	896	1422	6828	6303	1.87e-171	608
SczhEnG_3860	scaffold10976.1|size7142	85.870	368	29	11	573	939	4898	4553	9.59e-100	370
SczhEnG_3860	scaffold10976.1|size7142	88.561	271	30	1	1798	2067	3716	3446	5.86e-87	327
SczhEnG_3860	scaffold10976.1|size7142	82.891	339	21	18	496	829	1343	1037	1.00e-69	270
SczhEnG_3860	scaffold10976.1|size7142	82.891	339	21	18	496	829	7299	6993	1.00e-69	270
SczhEnG_3860	scaffold10976.1|size7142	93.333	150	10	0	281	430	1493	1344	2.84e-55	222
SczhEnG_3860	scaffold10976.1|size7142	93.333	150	10	0	281	430	7449	7300	2.84e-55	222
SczhEnG_3860	scaffold10976.1|size7142	94.444	72	4	0	168	239	1565	1494	6.42e-22	111
SczhEnG_3860	scaffold10976.1|size7142	94.444	72	4	0	168	239	7521	7450	6.42e-22	111
SczhEnG_3860	scaffold10976.1|size7142	96.552	58	2	0	882	939	928	871	1.80e-17	97.1
SczhEnG_3860	scaffold10976.1|size7142	96.552	58	2	0	882	939	6884	6827	1.80e-17	97.1
SczhEnG_3894	Smic.scaffold5009|size2150	89.013	1165	119	8	768	1926	989	2150	0.0	1434
SczhEnG_3916	scaffold7764.1|size9425	92.222	90	6	1	27979	28067	2290	2201	1.45e-24	126
SczhEnG_3922	Smic.scaffold4887|size2287	98.243	1138	18	2	1	1137	261	1397	0.0	1989
SczhEnG_4071	scaffold7719.1|size11670	88.388	732	47	20	801	1517	1213	1921	0.0	846
SczhEnG_4071	scaffold7719.1|size11670	86.997	746	45	24	801	1517	6514	7236	0.0	793
SczhEnG_4071	scaffold7719.1|size11670	88.331	617	46	15	916	1517	10312	10917	0.0	717
SczhEnG_4071	scaffold7719.1|size11670	87.612	557	43	15	976	1517	8212	8757	7.49e-176	623
SczhEnG_4071	scaffold7719.1|size11670	87.984	258	9	9	801	1050	4229	4472	4.01e-74	285
SczhEnG_4071	scaffold7719.1|size11670	85.816	282	19	8	91	371	5795	6056	1.87e-72	279
SczhEnG_4071	scaffold7719.1|size11670	95.425	153	4	3	402	553	6087	6237	8.81e-61	241
SczhEnG_4071	scaffold7719.1|size11670	89.000	200	10	6	1845	2044	2197	2384	1.14e-59	237
SczhEnG_4071	scaffold7719.1|size11670	89.000	200	10	6	1845	2044	7512	7699	1.14e-59	237
SczhEnG_4071	scaffold7719.1|size11670	89.000	200	10	6	1845	2044	9033	9220	1.14e-59	237
SczhEnG_4071	scaffold7719.1|size11670	89.000	200	10	6	1845	2044	11193	11380	1.14e-59	237
SczhEnG_4071	scaffold7719.1|size11670	81.288	326	30	17	2135	2435	2544	2863	4.10e-59	235
SczhEnG_4071	scaffold7719.1|size11670	81.288	326	30	17	2135	2435	7859	8178	4.10e-59	235
SczhEnG_4071	scaffold7719.1|size11670	81.818	220	18	6	153	371	3816	4014	5.45e-38	165
SczhEnG_4071	scaffold7719.1|size11670	94.845	97	5	0	1599	1695	1958	2054	4.25e-34	152
SczhEnG_4071	scaffold7719.1|size11670	94.845	97	5	0	1599	1695	7273	7369	4.25e-34	152
SczhEnG_4071	scaffold7719.1|size11670	94.845	97	5	0	1599	1695	8794	8890	4.25e-34	152
SczhEnG_4071	scaffold7719.1|size11670	94.845	97	5	0	1599	1695	10954	11050	4.25e-34	152
SczhEnG_4071	scaffold7719.1|size11670	95.946	74	3	0	2135	2208	9511	9584	1.20e-24	121
SczhEnG_4071	scaffold7719.1|size11670	90.805	87	6	2	1347	1431	9	95	5.57e-23	115
SczhEnG_4071	scaffold7719.1|size11670	94.286	70	4	0	1094	1163	4471	4540	9.32e-21	108
SczhEnG_4071	scaffold7719.1|size11670	92.105	76	5	1	634	708	6249	6324	3.35e-20	106
SczhEnG_4071	scaffold7719.1|size11670	92.424	66	4	1	1599	1663	198	263	2.61e-16	93.5
SczhEnG_4071	scaffold7719.1|size11670	86.022	93	1	5	801	893	6407	6487	3.38e-15	89.8
SczhEnG_4071	scaffold7719.1|size11670	91.935	62	4	1	648	708	1069	1130	4.37e-14	86.1
SczhEnG_4071	scaffold7719.1|size11670	97.727	44	1	0	402	445	4141	4184	2.63e-11	76.8
SczhEnG_4129	scaffold7724.1|size9700	90.993	755	68	0	177	931	332	1086	0.0	1018
SczhEnG_4129	scaffold7724.1|size9700	90.993	755	68	0	177	931	6176	6930	0.0	1018
SczhEnG_4129	scaffold7724.1|size9700	88.976	508	37	12	854	1345	9058	9562	4.15e-172	610
SczhEnG_4129	scaffold7724.1|size9700	95.870	339	14	0	1190	1528	9563	9901	9.19e-154	549
SczhEnG_4129	scaffold7724.1|size9700	94.203	276	15	1	1278	1553	3291	3565	7.51e-115	420
SczhEnG_4231	Smic.scaffold259|size756430	79.355	155	32	0	554771	554925	646880	647034	1.49e-18	110
SczhEnG_4270	scaffold7769.1|size9393	86.917	1307	125	21	243	1545	1087	2351	0.0	1426
SczhEnG_4270	scaffold7769.1|size9393	86.917	1307	125	22	243	1545	6758	8022	0.0	1426
SczhEnG_4270	scaffold7769.1|size9393	93.730	319	20	0	1630	1948	2397	2715	1.69e-132	479
SczhEnG_4270	scaffold7769.1|size9393	93.730	319	20	0	1630	1948	8068	8386	1.69e-132	479
SczhEnG_4270	scaffold7769.1|size9393	94.030	201	12	0	1861	2061	2717	2917	3.04e-80	305
SczhEnG_4270	scaffold7769.1|size9393	94.030	201	12	0	1861	2061	8388	8588	3.04e-80	305
SczhEnG_4270	scaffold7769.1|size9393	94.767	172	9	0	2130	2301	3146	3317	3.99e-69	268
SczhEnG_4270	scaffold7769.1|size9393	94.767	172	9	0	2130	2301	8817	8988	3.99e-69	268
SczhEnG_4270	scaffold7769.1|size9393	93.293	164	11	0	1947	2110	2919	3082	2.42e-61	243
SczhEnG_4270	scaffold7769.1|size9393	93.293	164	11	0	1947	2110	8590	8753	2.42e-61	243
SczhEnG_4358	scaffold7767.1|size9408	92.530	589	40	4	334	920	8892	8306	0.0	841
SczhEnG_4358	scaffold7767.1|size9408	92.449	437	29	4	486	920	7499	7065	6.95e-176	623
SczhEnG_4358	scaffold7767.1|size9408	92.627	434	28	4	489	920	1762	1331	2.50e-175	621
SczhEnG_4358	scaffold7767.1|size9408	84.783	552	62	7	1716	2267	691	162	3.35e-149	534
SczhEnG_4358	scaffold7767.1|size9408	84.783	552	62	7	1716	2267	6425	5896	3.35e-149	534
SczhEnG_4358	scaffold7767.1|size9408	91.277	321	26	2	169	488	9213	8894	9.72e-120	436
SczhEnG_4358	scaffold7767.1|size9408	89.542	306	32	0	1010	1315	1259	954	2.76e-105	388
SczhEnG_4358	scaffold7767.1|size9408	89.542	306	32	0	1010	1315	3368	3063	2.76e-105	388
SczhEnG_4358	scaffold7767.1|size9408	89.542	306	32	0	1010	1315	6993	6688	2.76e-105	388
SczhEnG_4358	scaffold7767.1|size9408	89.542	306	32	0	1010	1315	8234	7929	2.76e-105	388
SczhEnG_4358	scaffold7767.1|size9408	82.452	416	51	7	1760	2175	2916	2523	6.06e-92	344
SczhEnG_4358	scaffold7767.1|size9408	86.321	212	12	5	709	920	3634	3440	4.96e-53	215
SczhEnG_4404	scaffold8230.1|size7169	96.468	453	15	1	87	538	2705	3157	0.0	747
SczhEnG_4404	scaffold8230.1|size7169	94.444	180	9	1	702	881	3354	3532	9.69e-72	276
SczhEnG_4404	scaffold8230.1|size7169	95.604	91	4	0	556	646	3251	3341	7.93e-33	147
SczhEnG_4404	scaffold8230.1|size7169	100.000	45	0	0	883	927	1	45	6.30e-14	84.2
