SczhEnG_10	scaffold3284.1|size59805	92.105	38	3	0	334560	334597	5267	5230	0.039	54.7
SczhEnG_1004	scaffold7223.1|size20424	96.522	460	15	1	1646	2104	7293	7752	0.0	760
SczhEnG_1009	Smic.scaffold101|size1135618	100.000	28	0	0	99616	99643	76896	76869	0.019	52.8
SczhEnG_101	Smic.scaffold523|size502601	100.000	28	0	0	340621	340648	94467	94494	0.095	52.8
SczhEnG_1030	scaffold1403.1|size153157	96.875	32	1	0	861355	861386	77551	77582	0.059	54.7
SczhEnG_1035	Smic.scaffold159|size960717	100.000	28	0	0	50984	51011	800799	800772	0.010	52.8
SczhEnG_1046	scaffold1012.1|size144332	100.000	29	0	0	28263	28291	54130	54102	0.005	54.7
SczhEnG_1050	Smic.scaffold489|size521866	100.000	31	0	0	21467	21497	446941	446911	8.70e-05	58.4
SczhEnG_1067	scaffold34.1|size402451	92.683	41	0	3	203338	203376	40187	40148	0.006	56.5
SczhEnG_1081	scaffold4871.1|size33645	100.000	29	0	0	33497	33525	10149	10177	0.002	54.7
SczhEnG_1101	scaffold13.1|size649204	97.143	35	0	1	18412	18445	616049	616083	8.14e-05	58.4
SczhEnG_1112	Smic.scaffold329|size650373	97.059	68	2	0	12664	12731	25585	25652	3.30e-22	115
SczhEnG_1121	scaffold155.1|size293413	96.875	32	1	0	505870	505901	57415	57446	0.027	54.7
SczhEnG_1129	Smic.scaffold1269|size186652	100.000	28	0	0	162924	162951	179699	179726	0.030	52.8
SczhEnG_1132	scaffold8101.1|size12358	89.666	329	31	3	1032	1360	8845	9170	1.27e-113	416
SczhEnG_1137	scaffold5551.1|size25952	97.059	34	0	1	326158	326190	6972	6939	0.008	56.5
SczhEnG_1146	scaffold3543.1|size54354	100.000	30	0	0	104273	104302	13553	13582	0.003	56.5
SczhEnG_1170	Smic.scaffold196|size879997	100.000	28	0	0	48952	48979	306756	306783	0.047	52.8
SczhEnG_1180	scaffold1201.1|size131815	94.595	37	2	0	29201	29237	13786	13822	0.001	58.4
SczhEnG_1186	Smic.scaffold386|size601172	94.286	35	0	2	47486	47518	400862	400896	0.011	52.8
SczhEnG_1188	Smic.scaffold1522|size127043	92.308	39	3	0	108754	108792	65160	65198	0.004	56.5
SczhEnG_121	Smic.scaffold182|size910004	92.500	40	3	0	80131	80170	303715	303676	0.001	58.4
SczhEnG_1227	scaffold1323.1|size125372	96.875	32	1	0	159513	159544	78373	78342	0.008	54.7
SczhEnG_1239	scaffold4875.1|size33575	100.000	28	0	0	4524	4551	31490	31463	0.013	52.8
SczhEnG_1249	scaffold5006.1|size33048	81.928	83	13	2	327057	327138	24858	24939	1.27e-06	69.4
SczhEnG_1262	Smic.scaffold1537|size122572	100.000	29	0	0	43907	43935	66315	66287	0.006	54.7
SczhEnG_13	scaffold3031.1|size66479	100.000	30	0	0	115477	115506	54932	54961	0.003	56.5
SczhEnG_1301	scaffold868.1|size293455	100.000	28	0	0	186331	186358	193906	193879	0.053	52.8
SczhEnG_1323	scaffold7872.1|size8912	98.148	54	1	0	315	368	531	584	4.98e-17	95.3
SczhEnG_1353	Smic.scaffold392|size593549	100.000	28	0	0	106344	106371	496939	496966	0.048	52.8
SczhEnG_1395	scaffold1515.1|size114345	100.000	28	0	0	1136	1163	35093	35120	2.76e-04	52.8
SczhEnG_141	scaffold1557.1|size112825	97.143	35	1	0	49522	49556	72407	72373	3.16e-04	60.2
SczhEnG_142	scaffold31.1|size418471	94.286	35	2	0	1032716	1032750	244656	244690	0.062	54.7
SczhEnG_1427	scaffold5278.1|size28993	100.000	30	0	0	195256	195285	5649	5620	0.003	56.5
SczhEnG_1429	scaffold7872.1|size8912	96.330	109	4	0	612	720	627	735	1.51e-42	180
SczhEnG_1445	Smic.scaffold463|size542395	97.059	34	1	0	182960	182993	517225	517192	8.08e-04	58.4
SczhEnG_1446	scaffold4826.1|size34275	73.717	643	147	15	1059	1692	4386	5015	8.43e-58	231
SczhEnG_1448	scaffold2121.1|size88631	100.000	28	0	0	563	590	21185	21158	4.28e-04	52.8
SczhEnG_1467	scaffold4845.1|size35134	93.182	44	3	0	95746	95789	20855	20812	3.71e-06	65.8
SczhEnG_1478	scaffold6037.1|size21546	100.000	29	0	0	1573	1601	16572	16544	0.001	54.7
SczhEnG_1491	scaffold330.1|size228242	100.000	28	0	0	40249	40276	151132	151159	0.040	52.8
SczhEnG_1493	scaffold282.1|size240797	97.059	34	1	0	70381	70414	167069	167036	4.21e-04	58.4
SczhEnG_1511	Smic.scaffold425|size564313	97.500	40	1	0	28544	28583	202196	202157	1.43e-07	69.4
SczhEnG_1513	scaffold1743.1|size123518	100.000	28	0	0	14919	14946	103971	103944	0.009	52.8
SczhEnG_1531	Smic.scaffold751|size368135	82.243	107	15	2	40378	40484	128059	127957	2.41e-13	89.8
SczhEnG_1543	scaffold202.1|size271277	100.000	29	0	0	13152	13180	152486	152458	8.30e-04	54.7
SczhEnG_1558	Smic.scaffold652|size416260	100.000	28	0	0	205588	205615	74359	74386	0.068	52.8
SczhEnG_1560	scaffold5053.1|size31417	100.000	28	0	0	73486	73513	19635	19662	0.041	52.8
SczhEnG_1561	scaffold1317.1|size125501	92.105	38	3	0	305	342	57331	57368	3.53e-04	54.7
SczhEnG_1564	Smic.scaffold98|size1148247	100.000	31	0	0	109518	109548	593133	593163	0.001	58.4
SczhEnG_1571	Smic.scaffold222|size825431	100.000	29	0	0	170031	170059	632791	632763	0.017	54.7
SczhEnG_1581	Smic.scaffold971|size284064	100.000	28	0	0	2813	2840	204411	204384	5.07e-04	52.8
SczhEnG_1582	scaffold5625.1|size25187	96.970	33	0	1	54764	54796	12090	12059	0.014	54.7
SczhEnG_1601	Smic.scaffold387|size600541	96.970	33	0	1	21011	21042	515436	515404	0.005	54.7
SczhEnG_1606	Smic.scaffold1885|size59324	100.000	28	0	0	99029	99056	55510	55483	0.025	52.8
SczhEnG_1626	Smic.scaffold350|size636940	100.000	28	0	0	52773	52800	159650	159623	0.053	52.8
SczhEnG_1641	Smic.scaffold252|size764146	100.000	30	0	0	53685	53714	197112	197141	0.002	56.5
SczhEnG_1662	Smic.scaffold1211|size207328	97.059	34	1	0	376169	376202	80849	80816	0.002	58.4
SczhEnG_1673	Smic.scaffold496|size518338	100.000	29	0	0	31735	31763	271157	271129	0.026	54.7
SczhEnG_1681	Smic.scaffold224|size825161	100.000	29	0	0	17655	17683	740197	740169	0.001	54.7
SczhEnG_1698	Smic.scaffold5726|size1687	100.000	28	0	0	26214	26241	852	879	0.013	52.8
SczhEnG_1706	Smic.scaffold308|size679880	100.000	30	0	0	332892	332921	464295	464266	0.011	56.5
SczhEnG_1707	scaffold6654.1|size18891	100.000	32	0	0	239395	239426	5123	5154	7.55e-04	60.2
SczhEnG_1709	Smic.scaffold92|size1173413	100.000	28	0	0	135505	135532	562681	562708	0.061	52.8
SczhEnG_1713	scaffold24816.1|size433	80.074	271	45	9	5779	6044	167	433	9.63e-46	193
SczhEnG_1721	Smic.scaffold698|size394081	97.059	34	1	0	257047	257080	281210	281243	0.001	58.4
SczhEnG_1726	Smic.scaffold222|size825431	86.792	53	3	2	279925	279977	443251	443203	0.007	56.5
SczhEnG_1781	Smic.scaffold400|size585905	100.000	29	0	0	98777	98805	277340	277368	0.008	54.7
SczhEnG_1791	scaffold2484.1|size137403	87.500	48	5	1	94131	94177	80340	80387	0.006	54.7
SczhEnG_1805	scaffold2070.1|size90664	97.222	36	1	0	334671	334706	72391	72356	1.11e-04	62.1
SczhEnG_1812	scaffold19.1|size443072	100.000	33	0	0	243579	243611	371287	371319	2.24e-04	62.1
SczhEnG_1828	Smic.scaffold24|size1776169	97.143	35	1	0	30613	30647	1028940	1028974	1.34e-04	60.2
SczhEnG_1873	scaffold9461.1|size9599	91.379	58	4	1	960	1017	6186	6242	2.89e-12	78.7
SczhEnG_1881	Smic.scaffold67|size1295689	96.970	33	1	0	169	201	106134	106166	1.92e-05	56.5
SczhEnG_1885	scaffold585.1|size314277	100.000	28	0	0	63899	63926	148408	148381	0.042	52.8
SczhEnG_1891	scaffold3160.1|size62170	96.970	33	0	1	83705	83736	54169	54201	0.010	54.7
SczhEnG_1897	scaffold2613.1|size83683	100.000	36	0	0	772361	772396	71831	71866	5.45e-06	67.6
SczhEnG_1901	Smic.scaffold712|size386752	100.000	28	0	0	110199	110226	290813	290840	0.033	52.8
SczhEnG_1904	scaffold2183.1|size166057	100.000	28	0	0	40646	40673	137678	137651	0.032	52.8
SczhEnG_191	scaffold5386.1|size30911	80.217	460	76	14	20041	20496	24111	23663	6.31e-87	331
SczhEnG_1927	Smic.scaffold17|size1859678	100.000	28	0	0	3797	3824	112724	112697	0.016	52.8
SczhEnG_1930	scaffold5148.1|size30383	100.000	28	0	0	77566	77593	8592	8565	0.036	52.8
SczhEnG_1932	scaffold59004.1|size114	100.000	29	0	0	101795	101823	53	81	0.022	54.7
SczhEnG_1939	Smic.scaffold691|size396543	100.000	30	0	0	229869	229898	166900	166871	0.007	56.5
SczhEnG_1946	scaffold2643.1|size75571	86.275	51	7	0	235640	235690	74934	74984	0.007	56.5
SczhEnG_1987	Smic.scaffold210|size843944	100.000	29	0	0	113063	113091	11189	11161	0.028	54.7
SczhEnG_1991	scaffold292.1|size239810	97.222	36	1	0	92428	92463	169497	169462	5.30e-05	62.1
SczhEnG_200	scaffold1561.1|size111715	100.000	28	0	0	115781	115808	35636	35609	0.033	52.8
SczhEnG_2007	scaffold1834.1|size99453	94.444	36	2	0	290716	290751	11409	11374	0.010	56.5
SczhEnG_2013	Smic.scaffold3796|size4152	96.875	32	1	0	297830	297861	161	130	0.049	54.7
SczhEnG_2019	scaffold1253.1|size128728	100.000	34	0	0	62080	62113	19160	19127	2.40e-05	63.9
SczhEnG_2032	scaffold1693.1|size105633	97.826	46	1	0	40744	40789	26207	26162	1.65e-10	80.5
SczhEnG_2035	Smic.scaffold188|size896232	96.875	32	1	0	262018	262049	310810	310841	0.014	54.7
SczhEnG_2036	Smic.scaffold898|size311527	100.000	28	0	0	134792	134819	53311	53338	0.031	52.8
SczhEnG_2046	Smic.scaffold487|size522571	100.000	28	0	0	21266	21293	160843	160816	0.012	52.8
SczhEnG_205	scaffold5055.1|size50094	97.674	43	1	0	239237	239279	8596	8638	1.82e-08	75.0
SczhEnG_2053	scaffold54.1|size375170	100.000	28	0	0	456378	456405	172420	172447	0.085	52.8
SczhEnG_2085	Smic.scaffold426|size563333	96.875	32	1	0	595307	595338	299691	299660	0.044	54.7
SczhEnG_2088	Smic.scaffold1124|size239029	95.349	43	0	2	121651	121693	184117	184157	1.23e-06	67.6
SczhEnG_2099	Smic.scaffold36|size1537832	91.071	168	13	2	5210	5376	1076594	1076428	5.29e-56	226
SczhEnG_2118	Smic.scaffold1356|size163333	97.059	34	1	0	108998	109031	86698	86665	5.39e-04	58.4
SczhEnG_2143	scaffold8153.1|size7498	89.454	1081	91	8	174	1250	1593	532	0.0	1343
SczhEnG_2145	Smic.scaffold73|size1261888	100.000	32	0	0	220412	220443	591075	591106	2.75e-04	60.2
SczhEnG_2152	scaffold21.1|size436794	100.000	32	0	0	28136	28167	320456	320487	3.02e-04	60.2
SczhEnG_2155	Smic.scaffold169|size933998	100.000	29	0	0	300295	300323	357225	357197	0.015	54.7
SczhEnG_2158	scaffold8286.1|size18106	100.000	29	0	0	5397	5425	9254	9282	2.66e-04	54.7
SczhEnG_2183	Smic.scaffold21|size1804639	93.588	1310	79	3	4930	6236	552112	550805	0.0	1949
SczhEnG_2212	Smic.scaffold1641|size101517	100.000	28	0	0	1178	1205	39550	39577	2.09e-04	52.8
SczhEnG_2217	scaffold996.1|size145880	100.000	28	0	0	38679	38706	59162	59135	0.016	52.8
SczhEnG_2226	Smic.scaffold744|size369709	90.909	44	2	2	496946	496987	327316	327273	0.002	58.4
SczhEnG_2228	scaffold1195.1|size134849	100.000	31	0	0	32413	32443	50591	50621	0.001	58.4
SczhEnG_2242	scaffold8101.1|size12358	90.130	385	23	7	182	554	7231	7612	6.07e-135	486
SczhEnG_2252	scaffold61392.1|size105	89.041	73	4	4	39741	39811	31	101	6.75e-13	87.9
SczhEnG_2275	Smic.scaffold278|size723494	100.000	28	0	0	429864	429891	598733	598760	0.089	52.8
SczhEnG_2282	Smic.scaffold263|size751609	100.000	31	0	0	184016	184046	688272	688302	0.001	58.4
SczhEnG_229	scaffold7924.1|size8667	100.000	28	0	0	325593	325620	8613	8586	0.075	52.8
SczhEnG_2292	scaffold8616.1|size5613	96.875	32	1	0	140917	140948	2546	2515	0.011	54.7
SczhEnG_2315	Smic.scaffold141|size992623	88.235	51	3	2	972368	972415	619861	619911	0.004	58.4
SczhEnG_2324	Smic.scaffold284|size717589	100.000	32	0	0	617483	617514	647743	647774	7.21e-04	60.2
SczhEnG_2336	scaffold11468.1|size9254	98.969	97	0	1	2570	2666	6801	6706	1.14e-39	172
SczhEnG_2353	scaffold8198.1|size7337	92.791	971	68	2	248	1217	3543	4512	0.0	1404
SczhEnG_2375	scaffold2327.1|size82221	100.000	32	0	0	87828	87859	42231	42200	5.30e-04	60.2
SczhEnG_2386	scaffold6947.1|size14337	91.892	37	3	0	32686	32722	14199	14235	0.007	52.8
SczhEnG_239	Smic.scaffold494|size519687	96.970	33	1	0	12264	12296	51081	51113	3.13e-04	56.5
SczhEnG_2408	Smic.scaffold4|size2470612	100.000	28	0	0	240784	240811	95298	95271	0.047	52.8
SczhEnG_241	scaffold502.1|size262339	94.595	37	0	2	710	744	203777	203813	1.87e-05	56.5
SczhEnG_2411	scaffold4998.1|size31953	99.310	1450	9	1	1	1450	3669	2221	0.0	2621
SczhEnG_2416	scaffold1243.1|size129491	100.000	30	0	0	37648	37677	84286	84257	0.002	56.5
SczhEnG_2422	Smic.scaffold381|size605696	100.000	33	0	0	1032547	1032579	81702	81734	3.22e-04	62.1
SczhEnG_2434	Smic.scaffold4893|size2280	97.346	2148	54	3	1	2145	2270	123	0.0	3666
SczhEnG_2444	Smic.scaffold406|size580532	100.000	30	0	0	85814	85843	282413	282442	0.004	56.5
SczhEnG_2452	Smic.scaffold1807|size72923	100.000	28	0	0	65955	65982	28581	28608	0.058	52.8
SczhEnG_2487	Smic.scaffold147|size985383	92.105	38	3	0	14000	14037	279693	279730	0.003	54.7
SczhEnG_2501	scaffold22.1|size431876	96.970	33	0	1	3551	3582	17038	17070	6.88e-04	54.7
SczhEnG_2507	scaffold7719.1|size11670	100.000	32	0	0	65	96	4153	4184	1.86e-06	60.2
SczhEnG_2511	Smic.scaffold784|size352039	91.579	95	8	0	1002	1096	173074	172980	2.70e-28	132
SczhEnG_254	scaffold4573.1|size40165	91.667	48	4	0	1274929	1274976	18364	18317	8.86e-06	67.6
SczhEnG_2592	scaffold2634.1|size74369	100.000	28	0	0	431613	431640	19705	19732	0.096	52.8
SczhEnG_2650	Smic.scaffold210|size843944	100.000	28	0	0	28091	28118	11162	11189	0.005	52.8
SczhEnG_2655	scaffold4969.1|size69705	96.093	691	25	2	7970	8659	27990	27301	0.0	1125
SczhEnG_2662	scaffold1269.1|size127624	91.111	45	4	0	51708	51752	61408	61452	3.95e-05	62.1
SczhEnG_2691	Smic.scaffold210|size843944	100.000	30	0	0	239	268	11162	11191	2.15e-05	56.5
SczhEnG_2694	scaffold59244.1|size113	100.000	28	0	0	57909	57936	55	82	0.029	52.8
SczhEnG_270	scaffold6685.1|size41654	99.074	108	1	0	3429	3536	30812	30919	1.04e-46	195
SczhEnG_2709	scaffold15892.1|size750	87.719	57	5	2	60859	60914	749	694	4.35e-06	65.8
SczhEnG_2712	Smic.scaffold806|size340961	80.208	96	9	7	313737	313830	336850	336937	1.59e-04	63.9
SczhEnG_2727	scaffold790.1|size295610	100.000	28	0	0	379449	379476	8728	8755	0.095	52.8
SczhEnG_2745	Smic.scaffold632|size425157	100.000	30	0	0	1063234	1063263	316187	316216	0.015	56.5
SczhEnG_2748	Smic.scaffold160|size956447	100.000	28	0	0	1759	1786	843297	843324	0.018	52.8
SczhEnG_2749	scaffold1611.1|size109513	100.000	29	0	0	150771	150799	87786	87814	0.019	54.7
SczhEnG_276	Smic.scaffold123|size1034225	100.000	28	0	0	472300	472327	841715	841742	0.099	52.8
SczhEnG_277	Smic.scaffold818|size335922	100.000	31	0	0	243204	243234	267882	267912	0.001	58.4
SczhEnG_2791	Smic.scaffold43|size1491372	96.875	32	1	0	681363	681394	1027638	1027669	0.037	54.7
SczhEnG_2792	scaffold20604.1|size544	97.059	34	1	0	4625	4658	198	231	1.32e-04	58.4
SczhEnG_280	scaffold1899.1|size238565	69.988	823	237	10	3873	4690	75169	74352	1.14e-30	143
SczhEnG_2801	Smic.scaffold1073|size251094	100.000	28	0	0	7062	7089	155965	155938	0.002	52.8
SczhEnG_2825	Smic.scaffold619|size434818	100.000	28	0	0	88883	88910	300528	300501	0.089	52.8
SczhEnG_2837	scaffold1074.1|size139831	94.595	37	2	0	119383	119419	104340	104304	5.54e-04	58.4
SczhEnG_2858	Smic.scaffold1240|size194037	87.302	63	8	0	88374	88436	81557	81619	1.33e-08	73.1
SczhEnG_2887	scaffold4818.1|size34747	97.368	38	0	1	182668	182705	3275	3239	1.85e-05	63.9
SczhEnG_2913	scaffold498.1|size458234	100.000	32	0	0	82963	82994	404904	404873	3.98e-04	60.2
SczhEnG_2924	Smic.scaffold1013|size267430	96.875	32	1	0	51409	51440	98206	98237	0.004	54.7
SczhEnG_293	scaffold1365.1|size229487	100.000	28	0	0	66920	66947	187083	187056	0.062	52.8
SczhEnG_2935	scaffold4041.1|size45706	100.000	32	0	0	45527	45558	3601	3632	1.16e-04	60.2
SczhEnG_2939	scaffold3442.1|size104216	100.000	32	0	0	161648	161679	63319	63288	3.47e-04	60.2
SczhEnG_2941	Smic.scaffold20|size1806845	94.444	36	1	1	112105	112140	1502482	1502516	0.006	54.7
SczhEnG_2955	scaffold1031.1|size143042	95.238	42	2	0	107748	107789	72727	72686	3.01e-06	67.6
SczhEnG_2962	scaffold43378.1|size198	100.000	28	0	0	162238	162265	122	149	0.041	52.8
SczhEnG_2968	scaffold55.1|size374282	100.000	29	0	0	51490	51518	218446	218474	0.016	54.7
SczhEnG_2978	scaffold61392.1|size105	88.889	81	4	5	302830	302908	103	26	2.89e-14	95.3
SczhEnG_2986	scaffold235.1|size321457	92.105	38	3	0	6408	6445	310094	310057	0.030	54.7
SczhEnG_2998	scaffold6672.1|size41386	98.030	1421	28	0	5421	6841	22824	21404	0.0	2470
SczhEnG_3011	scaffold3634.1|size52958	75.159	157	33	6	7979	8134	24178	24027	2.16e-08	69.4
SczhEnG_3043	scaffold1896.1|size96813	100.000	31	0	0	35330	35360	32886	32916	5.65e-04	58.4
SczhEnG_3054	scaffold1711.1|size185425	100.000	30	0	0	467858	467887	2217	2246	0.009	56.5
SczhEnG_307	scaffold3601.1|size53442	84.507	71	8	2	168	235	29753	29823	6.33e-09	67.6
SczhEnG_3097	Smic.scaffold1216|size204498	91.837	49	4	0	126696	126744	26083	26131	2.32e-07	69.4
SczhEnG_310	scaffold4474.1|size39271	92.683	41	3	0	674068	674108	26944	26904	8.23e-04	60.2
SczhEnG_3106	scaffold3813.1|size49824	100.000	28	0	0	69867	69894	28857	28884	0.067	52.8
SczhEnG_3144	scaffold10332.1|size4351	100.000	29	0	0	28468	28496	3876	3848	0.003	54.7
SczhEnG_3146	scaffold1490.1|size115670	100.000	31	0	0	67943	67973	79120	79090	5.35e-04	58.4
SczhEnG_3147	Smic.scaffold410|size579270	81.333	75	11	3	147858	147930	493325	493398	8.59e-04	58.4
SczhEnG_3178	Smic.scaffold2140|size29419	89.062	64	6	1	15178	15241	11072	11010	4.68e-11	78.7
SczhEnG_3223	Smic.scaffold68|size1290279	92.683	41	3	0	67271	67311	648510	648550	2.49e-04	60.2
SczhEnG_3232	Smic.scaffold16|size1910968	96.970	33	1	0	54469	54501	1143065	1143097	0.001	56.5
SczhEnG_3238	Smic.scaffold4887|size2287	98.885	897	10	0	1	897	1391	2287	0.0	1602
SczhEnG_3243	scaffold640.1|size177612	94.595	37	2	0	37779	37815	168542	168506	6.36e-04	58.4
SczhEnG_3245	Smic.scaffold410|size579270	100.000	30	0	0	162267	162296	493356	493327	0.004	56.5
SczhEnG_3253	Smic.scaffold1568|size116476	85.124	121	16	1	563900	564018	72695	72815	7.69e-23	122
SczhEnG_3257	Smic.scaffold431|size558666	100.000	31	0	0	582804	582834	296935	296905	0.004	58.4
SczhEnG_3263	Smic.scaffold499|size515617	100.000	29	0	0	369301	369329	64663	64635	0.034	54.7
SczhEnG_3284	scaffold7223.1|size20424	81.915	282	42	1	1222	1494	13303	13584	1.69e-57	230
SczhEnG_3292	Smic.scaffold2586|size11473	100.000	28	0	0	59143	59170	10513	10540	0.014	52.8
SczhEnG_3309	scaffold3929.1|size57123	86.547	223	26	4	482	701	5260	5039	1.60e-61	243
SczhEnG_3311	Smic.scaffold43|size1491372	97.059	34	1	0	54144	54177	1013744	1013777	5.93e-04	58.4
SczhEnG_3323	scaffold3736.1|size51197	79.703	202	40	1	222291	222491	25786	25585	1.02e-29	145
SczhEnG_333	scaffold7348.1|size11786	100.000	29	0	0	60604	60632	2228	2256	0.006	54.7
SczhEnG_3336	scaffold4331.1|size41101	96.970	33	0	1	408684	408716	17326	17357	0.021	54.7
SczhEnG_3341	scaffold5390.1|size27637	96.774	31	1	0	22996	23026	20392	20362	0.054	52.8
SczhEnG_3349	scaffold3511.1|size105743	100.000	33	0	0	211060	211092	40876	40908	6.41e-05	62.1
SczhEnG_3375	Smic.scaffold1416|size152057	100.000	29	0	0	146467	146495	46409	46437	0.019	54.7
SczhEnG_3381	scaffold507.1|size305965	82.558	86	12	3	418391	418474	114678	114762	9.64e-08	73.1
SczhEnG_3389	Smic.scaffold360|size624479	91.304	46	3	1	126054	126099	174787	174743	1.30e-04	62.1
SczhEnG_3398	scaffold7963.1|size8410	100.000	47	0	0	3323	3369	6954	6908	1.64e-14	87.9
SczhEnG_3424	Smic.scaffold225|size824160	82.927	82	12	1	160173	160254	355033	355112	2.74e-08	73.1
SczhEnG_343	Smic.scaffold368|size616353	74.460	1065	173	74	31065	32067	230112	229085	5.36e-98	368
SczhEnG_3430	Smic.scaffold410|size579270	100.000	29	0	0	9293	9321	179662	179634	0.001	54.7
SczhEnG_3432	Smic.scaffold720|size382599	100.000	28	0	0	370768	370795	140511	140538	0.082	52.8
SczhEnG_3433	scaffold4306.1|size49852	90.741	54	5	0	1254843	1254896	39758	39811	1.85e-07	73.1
SczhEnG_3447	scaffold937.1|size150259	97.059	34	0	1	125876	125908	80007	80040	0.005	56.5
SczhEnG_3468	scaffold738.1|size167167	78.125	96	19	2	50934	51028	50561	50467	1.39e-04	60.2
SczhEnG_3487	scaffold58867.1|size114	94.118	34	2	0	432241	432274	7	40	0.088	52.8
SczhEnG_3491	Smic.scaffold966|size285890	97.143	35	1	0	112376	112410	20908	20874	3.33e-04	60.2
SczhEnG_3492	Smic.scaffold666|size406615	96.875	32	1	0	287284	287315	218140	218109	0.017	54.7
SczhEnG_3525	scaffold8332.1|size6794	96.499	657	23	0	289	945	171	827	0.0	1086
SczhEnG_3528	scaffold4019.1|size63226	100.000	28	0	0	33222	33249	51933	51960	0.059	52.8
SczhEnG_3550	Smic.scaffold473|size535369	96.809	94	2	1	580	672	186484	186391	2.63e-35	156
SczhEnG_3574	scaffold658.1|size175746	96.875	32	1	0	73923	73954	143627	143658	0.017	54.7
SczhEnG_3584	scaffold2955.1|size66548	93.333	45	1	2	551132	551174	39911	39867	1.34e-05	65.8
SczhEnG_3603	Smic.scaffold35|size1573575	100.000	28	0	0	2154	2181	880630	880657	0.019	52.8
SczhEnG_3607	Smic.scaffold69|size1289600	94.872	39	2	0	56272	56310	301129	301091	2.33e-05	62.1
SczhEnG_3627	scaffold4461.1|size39456	97.222	36	0	1	54865	54900	11449	11415	1.38e-04	60.2
SczhEnG_3631	scaffold145.1|size471898	97.143	35	1	0	546809	546843	337060	337026	5.88e-04	60.2
SczhEnG_3638	Smic.scaffold6096|size1548	85.227	88	12	1	88930	89016	977	1064	2.17e-13	89.8
SczhEnG_3646	scaffold7769.1|size9393	91.568	759	64	0	95	853	310	1068	0.0	1048
SczhEnG_3669	scaffold588.1|size186386	96.774	31	1	0	42436	42466	170071	170041	0.035	52.8
SczhEnG_3681	Smic.scaffold802|size341509	100.000	30	0	0	220843	220872	250955	250984	0.007	56.5
SczhEnG_3687	scaffold778.1|size163404	92.683	41	3	0	25	65	110038	109998	1.24e-06	60.2
SczhEnG_3692	Smic.scaffold101|size1135618	100.000	29	0	0	30438	30466	724207	724179	0.011	54.7
SczhEnG_3694	Smic.scaffold498|size516402	93.182	44	2	1	61337	61379	398066	398023	1.81e-05	63.9
SczhEnG_3697	Smic.scaffold1218|size203272	100.000	30	0	0	940	969	63965	63936	3.89e-05	56.5
SczhEnG_3704	Smic.scaffold1399|size155377	96.875	32	1	0	95213	95244	109955	109924	0.009	54.7
SczhEnG_3706	Smic.scaffold1401|size155195	94.286	35	2	0	180263	180297	40528	40562	0.010	54.7
SczhEnG_3725	Smic.scaffold253|size763873	89.796	49	5	0	15991	16039	91109	91061	2.54e-06	63.9
SczhEnG_3738	scaffold7592.1|size12598	93.492	461	28	2	1575	2034	5895	5436	0.0	684
SczhEnG_380	Smic.scaffold785|size349764	100.000	28	0	0	100330	100357	138585	138612	0.063	52.8
SczhEnG_3808	Smic.scaffold862|size323817	94.872	39	2	0	332244	332282	31763	31801	2.24e-04	62.1
SczhEnG_3819	Smic.scaffold72|size1270761	100.000	30	0	0	42701	42730	458047	458018	0.001	56.5
SczhEnG_382	Smic.scaffold416|size575787	84.337	83	8	4	13965	14044	220494	220574	7.80e-10	76.8
SczhEnG_3825	scaffold843.1|size158467	96.875	32	0	1	5228	5258	46018	45987	0.045	52.8
SczhEnG_3826	Smic.scaffold2090|size33516	100.000	32	0	0	7168	7199	10936	10967	2.65e-04	60.2
SczhEnG_3828	scaffold529.1|size191693	95.652	46	1	1	23	67	119220	119265	1.43e-09	73.1
SczhEnG_3831	Smic.scaffold571|size467943	94.737	38	2	0	580959	580996	328742	328779	6.43e-04	60.2
SczhEnG_3838	Smic.scaffold603|size444760	100.000	30	0	0	32179	32208	209579	209608	0.003	56.5
SczhEnG_3854	Smic.scaffold83|size1210505	100.000	30	0	0	114358	114387	115443	115414	0.003	56.5
SczhEnG_386	Smic.scaffold397|size588748	100.000	29	0	0	418830	418858	373554	373526	0.031	54.7
SczhEnG_3860	scaffold10976.1|size7142	90.049	814	63	11	1136	1935	4517	3708	0.0	1038
SczhEnG_3861	Smic.scaffold975|size282689	100.000	30	0	0	220304	220333	144319	144348	0.003	56.5
SczhEnG_3894	Smic.scaffold5009|size2150	89.013	1165	119	8	768	1926	989	2150	0.0	1434
SczhEnG_3916	scaffold7764.1|size9425	92.222	90	6	1	27979	28067	2290	2201	1.45e-24	126
SczhEnG_3922	Smic.scaffold4887|size2287	98.243	1138	18	2	1	1137	261	1397	0.0	1989
SczhEnG_3928	scaffold1952.1|size95184	92.683	41	1	2	100861	100899	56416	56376	8.64e-04	58.4
SczhEnG_3959	Smic.scaffold1176|size219677	100.000	28	0	0	4564	4591	168347	168374	0.034	52.8
SczhEnG_3963	Smic.scaffold572|size467269	96.875	32	1	0	14405	14436	367362	367393	0.004	54.7
SczhEnG_3974	scaffold8286.1|size18106	100.000	29	0	0	23	51	9254	9282	1.21e-04	54.7
SczhEnG_400	Smic.scaffold1304|size177863	100.000	30	0	0	285616	285645	159721	159692	0.006	56.5
SczhEnG_4006	scaffold59.1|size365495	100.000	30	0	0	169976	170005	344724	344695	0.006	56.5
SczhEnG_4012	scaffold1304.1|size242089	85.714	63	5	2	29516	29578	67365	67307	2.14e-05	63.9
SczhEnG_4013	scaffold58867.1|size114	100.000	30	0	0	214822	214851	42	13	0.003	56.5
SczhEnG_4018	scaffold1695.1|size105566	93.023	43	2	1	200848	200889	17689	17731	6.77e-05	62.1
SczhEnG_4046	scaffold544.1|size189386	100.000	28	0	0	57224	57251	160516	160489	0.068	52.8
SczhEnG_4063	scaffold578.1|size184707	85.714	56	2	3	25303	25352	167008	166953	0.003	54.7
SczhEnG_4064	scaffold7719.1|size11670	100.000	32	0	0	1785	1816	4184	4153	2.26e-06	60.2
SczhEnG_4068	Smic.scaffold2111|size31775	97.297	37	1	0	778527	778563	24951	24915	7.14e-05	63.9
SczhEnG_4071	scaffold7719.1|size11670	88.388	732	47	20	801	1517	1213	1921	0.0	846
SczhEnG_4076	Smic.scaffold90|size1176205	97.059	34	1	0	107691	107724	1053441	1053408	0.001	58.4
SczhEnG_4084	Smic.scaffold1668|size96595	100.000	29	0	0	199400	199428	62461	62489	0.028	54.7
SczhEnG_4086	Smic.scaffold1430|size148063	97.222	36	0	1	42157	42192	83045	83011	5.18e-05	60.2
SczhEnG_4106	scaffold52.1|size380577	97.059	34	1	0	554183	554216	55468	55501	0.003	58.4
SczhEnG_412	Smic.scaffold984|size276867	94.737	38	1	1	49214	49250	208958	208995	3.19e-04	58.4
SczhEnG_4124	scaffold587.1|size188863	94.444	36	2	0	52596	52631	143600	143565	0.004	56.5
SczhEnG_4129	scaffold7724.1|size9700	90.993	755	68	0	177	931	332	1086	0.0	1018
SczhEnG_413	Smic.scaffold363|size620985	100.000	28	0	0	10225	10252	546905	546932	0.002	52.8
SczhEnG_4134	scaffold2305.1|size121121	100.000	34	0	0	34688	34721	46771	46738	2.99e-05	63.9
SczhEnG_4149	scaffold3901.1|size48581	100.000	28	0	0	23635	23662	8589	8562	0.010	52.8
SczhEnG_4171	scaffold2748.1|size71683	94.444	36	2	0	94100	94135	52647	52682	0.003	56.5
SczhEnG_4172	scaffold5461.1|size26884	100.000	36	0	0	152871	152906	23899	23864	3.09e-06	67.6
SczhEnG_4198	scaffold6358.1|size18786	100.000	28	0	0	137273	137300	2246	2273	0.027	52.8
SczhEnG_4200	Smic.scaffold223|size825179	100.000	31	0	0	130567	130597	244417	244447	0.002	58.4
SczhEnG_4206	Smic.scaffold190|size891965	97.368	38	1	0	217940	217977	615939	615976	5.61e-06	65.8
SczhEnG_4207	scaffold3731.1|size51334	96.875	32	1	0	636	667	9555	9524	4.80e-05	54.7
SczhEnG_4209	scaffold249.1|size274694	90.909	44	2	2	212434	212475	9673	9630	2.36e-04	60.2
SczhEnG_4215	scaffold897.1|size154657	100.000	30	0	0	166362	166391	92282	92253	0.003	56.5
SczhEnG_4231	Smic.scaffold259|size756430	79.355	155	32	0	554771	554925	646880	647034	1.49e-18	110
SczhEnG_425	Smic.scaffold1141|size233335	94.737	38	0	2	200810	200846	140768	140732	8.73e-04	58.4
SczhEnG_4255	Smic.scaffold1368|size161122	97.059	34	1	0	2520	2553	1683	1650	1.28e-05	58.4
SczhEnG_4270	scaffold7769.1|size9393	86.917	1307	125	21	243	1545	1087	2351	0.0	1426
SczhEnG_4273	Smic.scaffold1102|size245838	87.755	49	6	0	66569	66617	10865	10817	0.001	58.4
SczhEnG_4282	Smic.scaffold521|size503284	100.000	28	0	0	23488	23515	308503	308476	0.024	52.8
SczhEnG_4285	Smic.scaffold1174|size220157	100.000	29	0	0	14636	14664	100855	100827	7.58e-04	54.7
SczhEnG_4308	Smic.scaffold294|size700295	100.000	28	0	0	17243	17270	129529	129556	0.029	52.8
SczhEnG_4329	Smic.scaffold415|size576064	89.130	46	5	0	13032	13077	341702	341747	3.03e-04	58.4
SczhEnG_4355	scaffold3075.1|size64185	100.000	32	0	0	25305	25336	9217	9186	9.44e-05	60.2
SczhEnG_4356	Smic.scaffold1762|size80175	100.000	29	0	0	505546	505574	55741	55769	0.034	54.7
SczhEnG_4358	scaffold7767.1|size9408	92.530	589	40	4	334	920	8892	8306	0.0	841
SczhEnG_4359	scaffold289.1|size287290	96.875	32	1	0	70746	70777	271859	271828	0.004	54.7
SczhEnG_4375	scaffold761.1|size164655	96.970	33	0	1	131391	131422	147163	147131	0.038	54.7
SczhEnG_4379	Smic.scaffold106|size1109251	92.105	38	3	0	24398	24435	794616	794653	0.001	54.7
SczhEnG_4384	Smic.scaffold1712|size88768	94.444	36	1	1	80682	80717	23087	23053	0.006	54.7
SczhEnG_4392	Smic.scaffold631|size425338	96.970	33	1	0	8324	8356	180734	180702	7.75e-04	56.5
SczhEnG_4396	Smic.scaffold1163|size223746	100.000	28	0	0	290518	290545	161244	161217	0.074	52.8
SczhEnG_4399	scaffold2982.1|size65969	100.000	30	0	0	56781	56810	65566	65595	8.69e-04	56.5
SczhEnG_4404	scaffold8230.1|size7169	96.468	453	15	1	87	538	2705	3157	0.0	747
SczhEnG_443	scaffold3442.1|size104216	76.355	203	35	6	1909	2107	36221	36028	1.85e-21	115
SczhEnG_462	scaffold55.1|size374282	97.059	34	1	0	352089	352122	238359	238326	0.002	58.4
SczhEnG_483	scaffold61392.1|size105	90.000	80	3	5	144619	144695	104	27	1.33e-15	99.0
SczhEnG_488	scaffold254.1|size251309	100.000	28	0	0	70199	70226	181557	181530	0.022	52.8
SczhEnG_514	Smic.scaffold230|size803687	100.000	29	0	0	58668	58696	473790	473818	0.004	54.7
SczhEnG_517	Smic.scaffold552|size483494	100.000	30	0	0	88820	88849	306079	306108	0.002	56.5
SczhEnG_532	Smic.scaffold130|size1021045	90.385	52	5	0	90299	90350	53407	53356	5.78e-07	69.4
SczhEnG_538	Smic.scaffold2745|size9256	100.000	31	0	0	231735	231765	2490	2520	0.008	58.4
SczhEnG_54	Smic.scaffold34|size1601861	100.000	28	0	0	26601	26628	122715	122742	0.009	52.8
SczhEnG_547	scaffold1785.1|size101431	94.286	35	2	0	157791	157825	78523	78557	0.015	54.7
SczhEnG_555	Smic.scaffold296|size697053	100.000	28	0	0	153534	153561	377345	377318	0.036	52.8
SczhEnG_559	Smic.scaffold614|size438657	97.297	37	0	1	9025	9061	345967	345932	1.26e-05	62.1
SczhEnG_624	Smic.scaffold1043|size260074	92.308	39	2	1	524041	524079	254608	254645	0.035	54.7
SczhEnG_627	scaffold3601.1|size53442	100.000	28	0	0	116616	116643	14008	14035	0.043	52.8
SczhEnG_634	Smic.scaffold201|size862132	91.111	45	2	2	38158	38201	466147	466104	9.77e-05	60.2
SczhEnG_647	Smic.scaffold785|size349764	82.090	67	9	2	168994	169060	292041	291978	0.031	54.7
SczhEnG_655	scaffold2733.1|size72009	100.000	31	0	0	485261	485291	17455	17425	0.002	58.4
SczhEnG_684	Smic.scaffold17|size1859678	100.000	28	0	0	72180	72207	1775892	1775865	0.057	52.8
SczhEnG_690	Smic.scaffold695|size395336	100.000	30	0	0	203755	203784	314068	314039	0.005	56.5
SczhEnG_745	Smic.scaffold15|size1918515	88.636	44	3	2	210509	210551	648049	648091	0.092	52.8
SczhEnG_764	Smic.scaffold221|size826417	96.970	33	1	0	1701	1733	55349	55317	0.005	56.5
SczhEnG_78	scaffold69.1|size353428	97.500	40	1	0	210083	210122	321083	321044	7.01e-07	69.4
SczhEnG_801	Smic.scaffold8831|size1107	98.526	814	12	0	340	1153	1	814	0.0	1437
SczhEnG_843	Smic.scaffold1636|size102862	82.979	94	16	0	446353	446446	88760	88667	8.61e-12	86.1
SczhEnG_847	Smic.scaffold1474|size139100	97.143	35	0	1	8928	8961	113874	113908	5.55e-05	58.4
SczhEnG_85	scaffold750.1|size323489	100.000	29	0	0	194897	194925	250370	250342	0.027	54.7
SczhEnG_853	scaffold321.1|size229442	97.059	34	1	0	11542	11575	372	405	4.81e-05	58.4
SczhEnG_862	Smic.scaffold1319|size175183	93.023	43	1	2	382367	382407	131341	131299	2.16e-04	62.1
SczhEnG_874	scaffold3232.1|size62355	97.059	34	1	0	24697	24730	45704	45737	0.001	58.4
SczhEnG_880	scaffold6183.1|size20250	100.000	29	0	0	201745	201773	669	641	0.018	54.7
SczhEnG_897	Smic.scaffold228|size809658	100.000	29	0	0	14407	14435	245810	245782	0.002	54.7
SczhEnG_903	Smic.scaffold4|size2470612	100.000	28	0	0	661	688	885533	885506	2.67e-04	52.8
SczhEnG_904	Smic.scaffold978|size280677	92.308	39	1	2	91685	91723	129040	129004	0.017	54.7
SczhEnG_908	Smic.scaffold901|size310706	96.774	31	1	0	68297	68327	38988	38958	0.016	52.8
SczhEnG_925	Smic.scaffold22|size1799166	100.000	33	0	0	758	790	1213378	1213346	4.62e-07	62.1
SczhEnG_929	Smic.scaffold383|size602731	100.000	28	0	0	394161	394188	221536	221563	0.073	52.8
SczhEnG_955	scaffold861.1|size176854	100.000	34	0	0	88958	88991	82651	82618	1.14e-05	63.9
SczhEnG_957	scaffold2866.1|size70932	100.000	28	0	0	70264	70291	56819	56846	0.040	52.8
SczhEnG_98	Smic.scaffold4300|size3268	97.153	1721	48	1	1	1721	243	1962	0.0	2905
SczhEnG_981	scaffold839.1|size158637	100.000	28	0	0	1078	1105	5875	5902	4.76e-04	52.8
SczhEnG_99	scaffold3736.1|size51197	100.000	30	0	0	598664	598693	31760	31789	0.011	56.5
