SczhEnG_1004	scaffold7223.1|size20424	96.522	460	15	1	1646	2104	7293	7752	0.0	760
SczhEnG_1046	scaffold1012.1|size144332	100.000	29	0	0	28263	28291	54130	54102	0.002	54.7
SczhEnG_1067	scaffold34.1|size402451	92.683	41	0	3	203338	203376	40187	40148	0.002	56.5
SczhEnG_1081	scaffold4871.1|size33645	100.000	29	0	0	33497	33525	10149	10177	0.001	54.7
SczhEnG_1101	scaffold13.1|size649204	97.143	35	0	1	18412	18445	616049	616083	3.50e-05	58.4
SczhEnG_1112	scaffold8286.1|size18106	95.714	70	3	0	12663	12732	17123	17192	5.10e-22	113
SczhEnG_1132	scaffold8101.1|size12358	89.666	329	31	3	1032	1360	8845	9170	5.45e-114	416
SczhEnG_1137	scaffold5551.1|size25952	97.059	34	0	1	326158	326190	6972	6939	0.003	56.5
SczhEnG_1146	scaffold3543.1|size54354	100.000	30	0	0	104273	104302	13553	13582	0.001	56.5
SczhEnG_1180	scaffold1201.1|size131815	94.595	37	2	0	29201	29237	13786	13822	6.22e-04	58.4
SczhEnG_1227	scaffold1323.1|size125372	96.875	32	1	0	159513	159544	78373	78342	0.003	54.7
SczhEnG_1239	scaffold4875.1|size33575	100.000	28	0	0	4524	4551	31490	31463	0.006	52.8
SczhEnG_1249	scaffold5006.1|size33048	81.928	83	13	2	327057	327138	24858	24939	5.48e-07	69.4
SczhEnG_13	scaffold3031.1|size66479	100.000	30	0	0	115477	115506	54932	54961	0.001	56.5
SczhEnG_1323	scaffold7872.1|size8912	98.148	54	1	0	315	368	531	584	2.14e-17	95.3
SczhEnG_1395	scaffold1515.1|size114345	100.000	28	0	0	1136	1163	35093	35120	1.19e-04	52.8
SczhEnG_141	scaffold1557.1|size112825	97.143	35	1	0	49522	49556	72407	72373	1.36e-04	60.2
SczhEnG_1427	scaffold5278.1|size28993	100.000	30	0	0	195256	195285	5649	5620	0.001	56.5
SczhEnG_1429	scaffold7872.1|size8912	96.330	109	4	0	612	720	627	735	6.48e-43	180
SczhEnG_1446	scaffold4826.1|size34275	73.717	643	147	15	1059	1692	4386	5015	3.62e-58	231
SczhEnG_1448	scaffold2121.1|size88631	100.000	28	0	0	563	590	21185	21158	1.84e-04	52.8
SczhEnG_1467	scaffold4845.1|size35134	93.182	44	3	0	95746	95789	20855	20812	1.59e-06	65.8
SczhEnG_1478	scaffold6037.1|size21546	100.000	29	0	0	1573	1601	16572	16544	4.55e-04	54.7
SczhEnG_1493	scaffold282.1|size240797	97.059	34	1	0	70381	70414	167069	167036	1.81e-04	58.4
SczhEnG_1513	scaffold1743.1|size123518	100.000	28	0	0	14919	14946	103971	103944	0.004	52.8
SczhEnG_1543	scaffold202.1|size271277	100.000	29	0	0	13152	13180	152486	152458	3.57e-04	54.7
SczhEnG_1561	scaffold1317.1|size125501	92.105	38	3	0	305	342	57331	57368	1.52e-04	54.7
SczhEnG_1582	scaffold5625.1|size25187	96.970	33	0	1	54764	54796	12090	12059	0.006	54.7
SczhEnG_1641	scaffold5546.1|size25990	92.500	40	0	3	53687	53723	19	58	0.003	54.7
SczhEnG_1662	scaffold5977.1|size23871	96.970	33	1	0	376169	376201	21952	21984	0.002	56.5
SczhEnG_1707	scaffold6654.1|size18891	100.000	32	0	0	239395	239426	5123	5154	3.25e-04	60.2
SczhEnG_1713	scaffold24816.1|size433	80.074	271	45	9	5779	6044	167	433	4.14e-46	193
SczhEnG_1791	scaffold2484.1|size137403	87.500	48	5	1	94131	94177	80340	80387	0.003	54.7
SczhEnG_1805	scaffold2070.1|size90664	97.222	36	1	0	334671	334706	72391	72356	4.78e-05	62.1
SczhEnG_1812	scaffold19.1|size443072	100.000	33	0	0	243579	243611	371287	371319	9.62e-05	62.1
SczhEnG_1873	scaffold9461.1|size9599	91.379	58	4	1	960	1017	6186	6242	1.24e-12	78.7
SczhEnG_1881	scaffold552.1|size189238	96.875	32	1	0	169	200	151055	151024	2.97e-05	54.7
SczhEnG_1891	scaffold3160.1|size62170	96.970	33	0	1	83705	83736	54169	54201	0.004	54.7
SczhEnG_1897	scaffold2613.1|size83683	100.000	36	0	0	772361	772396	71831	71866	2.34e-06	67.6
SczhEnG_191	scaffold5386.1|size30911	80.217	460	76	14	20041	20496	24111	23663	2.71e-87	331
SczhEnG_1932	scaffold59004.1|size114	100.000	29	0	0	101795	101823	53	81	0.009	54.7
SczhEnG_1946	scaffold2643.1|size75571	86.275	51	7	0	235640	235690	74934	74984	0.003	56.5
SczhEnG_1991	scaffold292.1|size239810	97.222	36	1	0	92428	92463	169497	169462	2.28e-05	62.1
SczhEnG_2007	scaffold1834.1|size99453	94.444	36	2	0	290716	290751	11409	11374	0.004	56.5
SczhEnG_2019	scaffold1253.1|size128728	100.000	34	0	0	62080	62113	19160	19127	1.03e-05	63.9
SczhEnG_2032	scaffold1693.1|size105633	97.826	46	1	0	40744	40789	26207	26162	7.10e-11	80.5
SczhEnG_205	scaffold5055.1|size50094	97.674	43	1	0	239237	239279	8596	8638	7.84e-09	75.0
SczhEnG_2088	scaffold2067.1|size90749	100.000	34	0	0	121651	121684	53172	53205	6.83e-06	63.9
SczhEnG_2099	scaffold4969.1|size69705	86.577	149	14	4	5202	5347	13991	14136	2.34e-36	159
SczhEnG_2143	scaffold8153.1|size7498	89.454	1081	91	8	174	1250	1593	532	0.0	1343
SczhEnG_2152	scaffold21.1|size436794	100.000	32	0	0	28136	28167	320456	320487	1.30e-04	60.2
SczhEnG_2158	scaffold8286.1|size18106	100.000	29	0	0	5397	5425	9254	9282	1.14e-04	54.7
SczhEnG_2183	scaffold5386.1|size30911	92.912	1312	68	9	4930	6236	28628	29919	0.0	1886
SczhEnG_2217	scaffold996.1|size145880	100.000	28	0	0	38679	38706	59162	59135	0.007	52.8
SczhEnG_2228	scaffold1195.1|size134849	100.000	31	0	0	32413	32443	50591	50621	5.16e-04	58.4
SczhEnG_2242	scaffold8101.1|size12358	90.130	385	23	7	182	554	7231	7612	2.61e-135	486
SczhEnG_2252	scaffold61392.1|size105	89.041	73	4	4	39741	39811	31	101	2.90e-13	87.9
SczhEnG_2292	scaffold8616.1|size5613	96.875	32	1	0	140917	140948	2546	2515	0.005	54.7
SczhEnG_2315	scaffold128.1|size312424	96.970	33	1	0	441745	441777	216892	216924	0.006	56.5
SczhEnG_2324	scaffold6753.1|size15738	100.000	31	0	0	617483	617513	12696	12666	0.001	58.4
SczhEnG_2336	scaffold11468.1|size9254	98.969	97	0	1	2570	2666	6801	6706	4.91e-40	172
SczhEnG_2353	scaffold8198.1|size7337	92.791	971	68	2	248	1217	3543	4512	0.0	1404
SczhEnG_2375	scaffold2327.1|size82221	100.000	32	0	0	87828	87859	42231	42200	2.28e-04	60.2
SczhEnG_2386	scaffold6947.1|size14337	91.892	37	3	0	32686	32722	14199	14235	0.003	52.8
SczhEnG_241	scaffold502.1|size262339	94.595	37	0	2	710	744	203777	203813	8.02e-06	56.5
SczhEnG_2411	scaffold4998.1|size31953	99.310	1450	9	1	1	1450	3669	2221	0.0	2621
SczhEnG_2416	scaffold1243.1|size129491	100.000	30	0	0	37648	37677	84286	84257	0.001	56.5
SczhEnG_2422	scaffold8834.1|size4932	97.059	34	1	0	1032547	1032580	2755	2722	0.002	58.4
SczhEnG_2501	scaffold22.1|size431876	96.970	33	0	1	3551	3582	17038	17070	2.96e-04	54.7
SczhEnG_2507	scaffold7719.1|size11670	100.000	32	0	0	65	96	4153	4184	8.00e-07	60.2
SczhEnG_254	scaffold4573.1|size40165	91.667	48	4	0	1274929	1274976	18364	18317	3.81e-06	67.6
SczhEnG_2655	scaffold4969.1|size69705	96.093	691	25	2	7970	8659	27990	27301	0.0	1125
SczhEnG_2662	scaffold1269.1|size127624	91.111	45	4	0	51708	51752	61408	61452	1.70e-05	62.1
SczhEnG_270	scaffold6685.1|size41654	99.074	108	1	0	3429	3536	30812	30919	4.45e-47	195
SczhEnG_2709	scaffold15892.1|size750	87.719	57	5	2	60859	60914	749	694	1.87e-06	65.8
SczhEnG_2749	scaffold1611.1|size109513	100.000	29	0	0	150771	150799	87786	87814	0.008	54.7
SczhEnG_2792	scaffold20604.1|size544	97.059	34	1	0	4625	4658	198	231	5.68e-05	58.4
SczhEnG_280	scaffold1899.1|size238565	69.988	823	237	10	3873	4690	75169	74352	4.88e-31	143
SczhEnG_2837	scaffold1074.1|size139831	94.595	37	2	0	119383	119419	104340	104304	2.38e-04	58.4
SczhEnG_2887	scaffold4818.1|size34747	97.368	38	0	1	182668	182705	3275	3239	7.93e-06	63.9
SczhEnG_2913	scaffold498.1|size458234	100.000	32	0	0	82963	82994	404904	404873	1.71e-04	60.2
SczhEnG_2935	scaffold4041.1|size45706	100.000	32	0	0	45527	45558	3601	3632	4.97e-05	60.2
SczhEnG_2939	scaffold3442.1|size104216	100.000	32	0	0	161648	161679	63319	63288	1.49e-04	60.2
SczhEnG_2955	scaffold1031.1|size143042	95.238	42	2	0	107748	107789	72727	72686	1.29e-06	67.6
SczhEnG_2968	scaffold55.1|size374282	100.000	29	0	0	51490	51518	218446	218474	0.007	54.7
SczhEnG_2978	scaffold61392.1|size105	88.889	81	4	5	302830	302908	103	26	1.24e-14	95.3
SczhEnG_2998	scaffold6672.1|size41386	98.030	1421	28	0	5421	6841	22824	21404	0.0	2470
SczhEnG_3011	scaffold3634.1|size52958	75.159	157	33	6	7979	8134	24178	24027	9.29e-09	69.4
SczhEnG_3043	scaffold1896.1|size96813	100.000	31	0	0	35330	35360	32886	32916	2.43e-04	58.4
SczhEnG_3054	scaffold1711.1|size185425	100.000	30	0	0	467858	467887	2217	2246	0.004	56.5
SczhEnG_307	scaffold3601.1|size53442	84.507	71	8	2	168	235	29753	29823	2.72e-09	67.6
SczhEnG_3097	scaffold738.1|size167167	78.218	101	22	0	126644	126744	50461	50561	1.29e-06	65.8
SczhEnG_310	scaffold4474.1|size39271	92.683	41	3	0	674068	674108	26944	26904	3.54e-04	60.2
SczhEnG_3144	scaffold10332.1|size4351	100.000	29	0	0	28468	28496	3876	3848	0.001	54.7
SczhEnG_3146	scaffold1490.1|size115670	100.000	31	0	0	67943	67973	79120	79090	2.30e-04	58.4
SczhEnG_3178	scaffold5386.1|size30911	87.500	64	7	1	15178	15241	28401	28339	9.36e-10	73.1
SczhEnG_3243	scaffold640.1|size177612	94.595	37	2	0	37779	37815	168542	168506	2.73e-04	58.4
SczhEnG_3253	scaffold5386.1|size30911	86.316	95	13	0	563905	563999	29766	29672	1.20e-17	104
SczhEnG_3257	scaffold58867.1|size114	100.000	30	0	0	582804	582833	43	14	0.007	56.5
SczhEnG_3284	scaffold7223.1|size20424	81.915	282	42	1	1222	1494	13303	13584	7.28e-58	230
SczhEnG_3309	scaffold3929.1|size57123	86.547	223	26	4	482	701	5260	5039	6.88e-62	243
SczhEnG_3323	scaffold3736.1|size51197	79.703	202	40	1	222291	222491	25786	25585	4.36e-30	145
SczhEnG_333	scaffold7348.1|size11786	100.000	29	0	0	60604	60632	2228	2256	0.003	54.7
SczhEnG_3336	scaffold4331.1|size41101	96.970	33	0	1	408684	408716	17326	17357	0.009	54.7
SczhEnG_3349	scaffold3511.1|size105743	100.000	33	0	0	211060	211092	40876	40908	2.75e-05	62.1
SczhEnG_3381	scaffold507.1|size305965	82.558	86	12	3	418391	418474	114678	114762	4.14e-08	73.1
SczhEnG_3389	scaffold21.1|size436794	97.059	34	1	0	126055	126088	236898	236865	7.23e-04	58.4
SczhEnG_3398	scaffold7963.1|size8410	100.000	47	0	0	3323	3369	6954	6908	7.03e-15	87.9
SczhEnG_3433	scaffold4306.1|size49852	90.741	54	5	0	1254843	1254896	39758	39811	7.96e-08	73.1
SczhEnG_3447	scaffold937.1|size150259	97.059	34	0	1	125876	125908	80007	80040	0.002	56.5
SczhEnG_3468	scaffold738.1|size167167	78.125	96	19	2	50934	51028	50561	50467	5.97e-05	60.2
SczhEnG_3491	scaffold230.1|size260421	100.000	29	0	0	112380	112408	214730	214702	0.007	54.7
SczhEnG_3525	scaffold8332.1|size6794	96.499	657	23	0	289	945	171	827	0.0	1086
SczhEnG_3574	scaffold658.1|size175746	96.875	32	1	0	73923	73954	143627	143658	0.007	54.7
SczhEnG_3584	scaffold2955.1|size66548	93.333	45	1	2	551132	551174	39911	39867	5.76e-06	65.8
SczhEnG_3627	scaffold4461.1|size39456	97.222	36	0	1	54865	54900	11449	11415	5.93e-05	60.2
SczhEnG_3631	scaffold145.1|size471898	97.143	35	1	0	546809	546843	337060	337026	2.53e-04	60.2
SczhEnG_3646	scaffold7769.1|size9393	91.568	759	64	0	95	853	310	1068	0.0	1048
SczhEnG_3687	scaffold778.1|size163404	92.683	41	3	0	25	65	110038	109998	5.34e-07	60.2
SczhEnG_3694	scaffold10141.1|size1918	100.000	31	0	0	61351	61381	686	716	3.63e-04	58.4
SczhEnG_3738	scaffold7592.1|size12598	93.492	461	28	2	1575	2034	5895	5436	0.0	684
SczhEnG_3808	scaffold8143.1|size9494	97.059	34	1	0	332244	332277	3760	3793	0.001	58.4
SczhEnG_382	scaffold5386.1|size30911	82.716	81	12	2	13965	14044	27506	27585	1.56e-08	71.3
SczhEnG_3826	scaffold10.1|size534768	100.000	31	0	0	7168	7198	330781	330751	4.09e-04	58.4
SczhEnG_3828	scaffold529.1|size191693	95.652	46	1	1	23	67	119220	119265	6.15e-10	73.1
SczhEnG_3854	scaffold2741.1|size74257	100.000	29	0	0	114359	114387	66104	66076	0.005	54.7
SczhEnG_3860	scaffold10976.1|size7142	90.049	814	63	11	1136	1935	4517	3708	0.0	1038
SczhEnG_3916	scaffold7764.1|size9425	92.222	90	6	1	27979	28067	2290	2201	6.21e-25	126
SczhEnG_3928	scaffold1952.1|size95184	92.683	41	1	2	100861	100899	56416	56376	3.71e-04	58.4
SczhEnG_3974	scaffold8286.1|size18106	100.000	29	0	0	23	51	9254	9282	5.21e-05	54.7
SczhEnG_400	scaffold1317.1|size125501	92.105	38	3	0	247199	247236	57368	57331	0.009	54.7
SczhEnG_4006	scaffold59.1|size365495	100.000	30	0	0	169976	170005	344724	344695	0.002	56.5
SczhEnG_4012	scaffold1304.1|size242089	85.714	63	5	2	29516	29578	67365	67307	9.21e-06	63.9
SczhEnG_4013	scaffold58867.1|size114	100.000	30	0	0	214822	214851	42	13	0.001	56.5
SczhEnG_4018	scaffold1695.1|size105566	93.023	43	2	1	200848	200889	17689	17731	2.91e-05	62.1
SczhEnG_4063	scaffold578.1|size184707	85.714	56	2	3	25303	25352	167008	166953	0.001	54.7
SczhEnG_4064	scaffold7719.1|size11670	100.000	32	0	0	1785	1816	4184	4153	9.73e-07	60.2
SczhEnG_4068	scaffold552.1|size189238	94.595	37	2	0	778527	778563	151029	151065	0.001	58.4
SczhEnG_4071	scaffold7719.1|size11670	88.388	732	47	20	801	1517	1213	1921	0.0	846
SczhEnG_4106	scaffold52.1|size380577	97.059	34	1	0	554183	554216	55468	55501	0.001	58.4
SczhEnG_412	scaffold1526.1|size113566	94.444	36	2	0	36354	36389	58484	58519	4.93e-04	56.5
SczhEnG_4124	scaffold587.1|size188863	94.444	36	2	0	52596	52631	143600	143565	0.002	56.5
SczhEnG_4129	scaffold7724.1|size9700	90.993	755	68	0	177	931	332	1086	0.0	1018
SczhEnG_4134	scaffold2305.1|size121121	100.000	34	0	0	34688	34721	46771	46738	1.28e-05	63.9
SczhEnG_4149	scaffold3901.1|size48581	100.000	28	0	0	23635	23662	8589	8562	0.004	52.8
SczhEnG_4171	scaffold2748.1|size71683	94.444	36	2	0	94100	94135	52647	52682	0.001	56.5
SczhEnG_4172	scaffold5461.1|size26884	100.000	36	0	0	152871	152906	23899	23864	1.33e-06	67.6
SczhEnG_4200	scaffold2539.1|size76650	100.000	30	0	0	130568	130597	35711	35740	0.002	56.5
SczhEnG_4207	scaffold3731.1|size51334	96.875	32	1	0	636	667	9555	9524	2.06e-05	54.7
SczhEnG_4209	scaffold249.1|size274694	90.909	44	2	2	212434	212475	9673	9630	1.02e-04	60.2
SczhEnG_4215	scaffold897.1|size154657	100.000	30	0	0	166362	166391	92282	92253	0.001	56.5
SczhEnG_4231	scaffold1365.1|size229487	100.000	30	0	0	48732	48761	28252	28281	0.008	56.5
SczhEnG_4255	scaffold6613.1|size16708	96.875	32	1	0	2517	2548	4825	4794	7.14e-05	54.7
SczhEnG_4270	scaffold7769.1|size9393	86.917	1307	125	21	243	1545	1087	2351	0.0	1426
SczhEnG_4355	scaffold3075.1|size64185	100.000	32	0	0	25305	25336	9217	9186	4.06e-05	60.2
SczhEnG_4358	scaffold7767.1|size9408	92.530	589	40	4	334	920	8892	8306	0.0	841
SczhEnG_4359	scaffold289.1|size287290	96.875	32	1	0	70746	70777	271859	271828	0.002	54.7
SczhEnG_4399	scaffold2982.1|size65969	100.000	30	0	0	56781	56810	65566	65595	3.73e-04	56.5
SczhEnG_4404	scaffold8230.1|size7169	96.468	453	15	1	87	538	2705	3157	0.0	747
SczhEnG_443	scaffold3442.1|size104216	76.355	203	35	6	1909	2107	36221	36028	7.95e-22	115
SczhEnG_462	scaffold55.1|size374282	97.059	34	1	0	352089	352122	238359	238326	7.48e-04	58.4
SczhEnG_483	scaffold61392.1|size105	90.000	80	3	5	144619	144695	104	27	5.69e-16	99.0
SczhEnG_488	scaffold254.1|size251309	100.000	28	0	0	70199	70226	181557	181530	0.010	52.8
SczhEnG_532	scaffold6483.1|size19390	92.683	41	2	1	90310	90350	17730	17769	1.50e-04	60.2
SczhEnG_547	scaffold1785.1|size101431	94.286	35	2	0	157791	157825	78523	78557	0.006	54.7
SczhEnG_559	scaffold3664.1|size52381	97.143	35	0	1	9027	9061	52325	52292	7.03e-05	58.4
SczhEnG_634	scaffold2377.1|size157712	96.970	33	1	0	90412	90444	133182	133214	5.43e-04	56.5
SczhEnG_655	scaffold2733.1|size72009	100.000	31	0	0	485261	485291	17455	17425	0.001	58.4
SczhEnG_78	scaffold69.1|size353428	97.500	40	1	0	210083	210122	321083	321044	3.01e-07	69.4
SczhEnG_847	scaffold741.1|size166877	100.000	29	0	0	8928	8956	129193	129221	3.09e-04	54.7
SczhEnG_853	scaffold321.1|size229442	97.059	34	1	0	11542	11575	372	405	2.07e-05	58.4
SczhEnG_862	scaffold1938.1|size102858	100.000	31	0	0	382368	382398	74172	74142	0.001	58.4
SczhEnG_874	scaffold3232.1|size62355	97.059	34	1	0	24697	24730	45704	45737	6.16e-04	58.4
SczhEnG_880	scaffold6183.1|size20250	100.000	29	0	0	201745	201773	669	641	0.008	54.7
SczhEnG_955	scaffold861.1|size176854	100.000	34	0	0	88958	88991	82651	82618	4.89e-06	63.9
SczhEnG_981	scaffold839.1|size158637	100.000	28	0	0	1078	1105	5875	5902	2.05e-04	52.8
SczhEnG_99	scaffold3736.1|size51197	100.000	30	0	0	598664	598693	31760	31789	0.005	56.5
