SczhEnG_78	scaffold69.1|size353428	97.500	40	1	0	210083	210122	321083	321044	7.01e-07	69.4
SczhEnG_98	Smic.scaffold4300|size3268	97.153	1721	48	1	1	1721	243	1962	0.0	2905
SczhEnG_98	Smic.scaffold4300|size3268	89.474	494	52	0	2652	3145	2775	3268	2.64e-176	625
SczhEnG_141	scaffold1557.1|size112825	97.143	35	1	0	49522	49556	72407	72373	3.16e-04	60.2
SczhEnG_141	scaffold1557.1|size112825	97.143	35	1	0	49522	49556	73866	73832	3.16e-04	60.2
SczhEnG_191	scaffold5386.1|size30911	80.217	460	76	14	20041	20496	24111	23663	6.31e-87	331
SczhEnG_191	scaffold5386.1|size30911	90.840	131	11	1	11022	11151	22373	22243	1.12e-39	174
SczhEnG_205	scaffold5055.1|size50094	97.674	43	1	0	239237	239279	8596	8638	1.82e-08	75.0
SczhEnG_205	scaffold5055.1|size50094	100.000	37	0	0	239237	239273	8605	8641	8.49e-07	69.4
SczhEnG_205	scaffold5055.1|size50094	92.683	41	3	0	239239	239279	8589	8629	5.11e-04	60.2
SczhEnG_239	Smic.scaffold494|size519687	96.970	33	1	0	12264	12296	51081	51113	3.13e-04	56.5
SczhEnG_241	scaffold502.1|size262339	94.595	37	0	2	710	744	203777	203813	1.87e-05	56.5
SczhEnG_254	scaffold4573.1|size40165	91.667	48	4	0	1274929	1274976	18364	18317	8.86e-06	67.6
SczhEnG_270	scaffold6685.1|size41654	99.074	108	1	0	3429	3536	30812	30919	1.04e-46	195
SczhEnG_277	Smic.scaffold818|size335922	100.000	31	0	0	243204	243234	267882	267912	0.001	58.4
SczhEnG_280	scaffold1899.1|size238565	69.988	823	237	10	3873	4690	75169	74352	1.14e-30	143
SczhEnG_280	scaffold1899.1|size238565	75.393	191	41	6	3873	4060	76662	76475	5.40e-14	87.9
SczhEnG_307	scaffold3601.1|size53442	84.507	71	8	2	168	235	29753	29823	6.33e-09	67.6
SczhEnG_307	scaffold3601.1|size53442	100.000	28	0	0	13	40	29598	29625	1.77e-04	52.8
SczhEnG_310	scaffold4474.1|size39271	92.683	41	3	0	674068	674108	26944	26904	8.23e-04	60.2
SczhEnG_343	Smic.scaffold368|size616353	74.460	1065	173	74	31065	32067	230112	229085	5.36e-98	368
SczhEnG_343	Smic.scaffold368|size616353	74.540	1033	170	74	31111	32067	230108	229093	6.93e-97	364
SczhEnG_343	Smic.scaffold368|size616353	75.053	938	155	64	31200	32067	230043	229115	2.49e-96	363
SczhEnG_343	Smic.scaffold368|size616353	75.053	938	155	64	31200	32067	230065	229137	2.49e-96	363
SczhEnG_343	Smic.scaffold368|size616353	75.053	938	155	64	31200	32067	230087	229159	2.49e-96	363
SczhEnG_343	Smic.scaffold368|size616353	75.000	940	156	63	31198	32067	230111	229181	8.97e-96	361
SczhEnG_343	Smic.scaffold368|size616353	74.342	1064	171	74	30686	31686	230109	229085	3.22e-95	359
SczhEnG_343	Smic.scaffold368|size616353	74.291	1058	175	75	30665	31658	230109	229085	1.16e-94	357
SczhEnG_343	Smic.scaffold368|size616353	75.055	914	153	60	31222	32067	230109	229203	4.17e-94	355
SczhEnG_343	Smic.scaffold368|size616353	74.291	1058	170	76	31056	32053	230100	229085	1.50e-93	353
SczhEnG_343	Smic.scaffold368|size616353	74.237	1048	174	74	30707	31691	230109	229095	5.40e-93	351
SczhEnG_343	Smic.scaffold368|size616353	75.028	901	146	59	31233	32067	230112	229225	9.03e-91	344
SczhEnG_343	Smic.scaffold368|size616353	74.036	1063	174	74	30728	31727	230109	229086	1.17e-89	340
SczhEnG_343	Smic.scaffold368|size616353	74.019	1070	171	81	31028	32032	230112	229085	1.51e-88	337
SczhEnG_343	Smic.scaffold368|size616353	73.921	1066	178	72	30641	31644	230112	229085	1.51e-88	337
SczhEnG_343	Smic.scaffold368|size616353	73.930	1051	177	74	30490	31480	230109	229096	1.95e-87	333
SczhEnG_343	Smic.scaffold368|size616353	73.884	1053	178	79	30443	31428	230107	229085	7.03e-87	331
SczhEnG_343	Smic.scaffold368|size616353	74.074	1026	166	78	30982	31931	230095	229094	2.53e-86	329
SczhEnG_343	Smic.scaffold368|size616353	74.078	1030	166	78	30988	31940	230110	229105	2.53e-86	329
SczhEnG_343	Smic.scaffold368|size616353	73.950	1048	170	77	30933	31911	230106	229093	9.09e-86	327
SczhEnG_343	Smic.scaffold368|size616353	74.514	926	155	69	30444	31310	229996	229093	9.09e-86	327
SczhEnG_343	Smic.scaffold368|size616353	74.514	926	155	69	30444	31310	230018	229115	9.09e-86	327
SczhEnG_343	Smic.scaffold368|size616353	74.514	926	155	69	30444	31310	230084	229181	9.09e-86	327
SczhEnG_343	Smic.scaffold368|size616353	73.892	1038	173	78	30845	31802	230112	229093	3.27e-85	326
SczhEnG_343	Smic.scaffold368|size616353	74.133	1009	162	77	31008	31940	230112	229127	3.27e-85	326
SczhEnG_343	Smic.scaffold368|size616353	73.990	1015	168	75	30802	31739	230112	229117	1.18e-84	324
SczhEnG_343	Smic.scaffold368|size616353	73.837	1032	174	73	30508	31480	230112	229118	4.23e-84	322
SczhEnG_343	Smic.scaffold368|size616353	73.684	1064	178	74	30623	31623	230109	229085	1.52e-83	320
SczhEnG_343	Smic.scaffold368|size616353	73.812	1031	174	76	30623	31580	230102	229095	1.52e-83	320
SczhEnG_343	Smic.scaffold368|size616353	73.861	1010	170	75	30623	31561	230080	229094	1.97e-82	316
SczhEnG_343	Smic.scaffold368|size616353	73.654	1059	174	80	30889	31876	230109	229085	2.55e-81	313
SczhEnG_343	Smic.scaffold368|size616353	77.586	116	18	8	31203	31310	547196	547081	2.83e-06	63.9
SczhEnG_382	Smic.scaffold416|size575787	84.337	83	8	4	13965	14044	220494	220574	7.80e-10	76.8
SczhEnG_412	Smic.scaffold984|size276867	94.737	38	1	1	49214	49250	208958	208995	3.19e-04	58.4
SczhEnG_425	Smic.scaffold1141|size233335	94.737	38	0	2	200810	200846	140768	140732	8.73e-04	58.4
SczhEnG_443	scaffold3442.1|size104216	76.355	203	35	6	1909	2107	36221	36028	1.85e-21	115
SczhEnG_483	scaffold61392.1|size105	90.000	80	3	5	144619	144695	104	27	1.33e-15	99.0
SczhEnG_532	Smic.scaffold130|size1021045	90.385	52	5	0	90299	90350	53407	53356	5.78e-07	69.4
SczhEnG_559	Smic.scaffold614|size438657	97.297	37	0	1	9025	9061	345967	345932	1.26e-05	62.1
SczhEnG_634	Smic.scaffold201|size862132	91.111	45	2	2	38158	38201	466147	466104	9.77e-05	60.2
SczhEnG_801	Smic.scaffold8831|size1107	98.526	814	12	0	340	1153	1	814	0.0	1437
SczhEnG_843	Smic.scaffold1636|size102862	82.979	94	16	0	446353	446446	88760	88667	8.61e-12	86.1
SczhEnG_847	Smic.scaffold1474|size139100	97.143	35	0	1	8928	8961	113874	113908	5.55e-05	58.4
SczhEnG_853	scaffold321.1|size229442	97.059	34	1	0	11542	11575	372	405	4.81e-05	58.4
SczhEnG_853	scaffold321.1|size229442	100.000	30	0	0	11546	11575	382	411	1.73e-04	56.5
SczhEnG_853	scaffold321.1|size229442	100.000	30	0	0	11546	11575	388	417	1.73e-04	56.5
SczhEnG_853	scaffold321.1|size229442	100.000	30	0	0	11546	11575	394	423	1.73e-04	56.5
SczhEnG_853	scaffold321.1|size229442	100.000	30	0	0	11546	11575	400	429	1.73e-04	56.5
SczhEnG_862	Smic.scaffold1319|size175183	93.023	43	1	2	382367	382407	131341	131299	2.16e-04	62.1
SczhEnG_903	Smic.scaffold4|size2470612	100.000	28	0	0	661	688	885533	885506	2.67e-04	52.8
SczhEnG_925	Smic.scaffold22|size1799166	100.000	33	0	0	758	790	1213378	1213346	4.62e-07	62.1
SczhEnG_955	scaffold861.1|size176854	100.000	34	0	0	88958	88991	82651	82618	1.14e-05	63.9
SczhEnG_955	scaffold861.1|size176854	100.000	34	0	0	88958	88991	82660	82627	1.14e-05	63.9
SczhEnG_955	scaffold861.1|size176854	100.000	33	0	0	88958	88990	82642	82610	4.10e-05	62.1
SczhEnG_981	scaffold839.1|size158637	100.000	28	0	0	1078	1105	5875	5902	4.76e-04	52.8
SczhEnG_1004	scaffold7223.1|size20424	96.522	460	15	1	1646	2104	7293	7752	0.0	760
SczhEnG_1004	scaffold7223.1|size20424	96.241	133	2	3	1623	1752	7156	7288	4.99e-53	215
SczhEnG_1050	Smic.scaffold489|size521866	100.000	31	0	0	21467	21497	446941	446911	8.70e-05	58.4
SczhEnG_1101	scaffold13.1|size649204	97.143	35	0	1	18412	18445	616049	616083	8.14e-05	58.4
SczhEnG_1112	Smic.scaffold329|size650373	97.059	68	2	0	12664	12731	25585	25652	3.30e-22	115
SczhEnG_1132	scaffold8101.1|size12358	89.666	329	31	3	1032	1360	8845	9170	1.27e-113	416
SczhEnG_1132	scaffold8101.1|size12358	83.462	260	35	5	1233	1488	9172	9427	3.81e-59	235
SczhEnG_1249	scaffold5006.1|size33048	81.928	83	13	2	327057	327138	24858	24939	1.27e-06	69.4
SczhEnG_1323	scaffold7872.1|size8912	98.148	54	1	0	315	368	531	584	4.98e-17	95.3
SczhEnG_1323	scaffold7872.1|size8912	98.148	54	1	0	315	368	627	680	4.98e-17	95.3
SczhEnG_1323	scaffold7872.1|size8912	98.148	54	1	0	315	368	3970	4023	4.98e-17	95.3
SczhEnG_1323	scaffold7872.1|size8912	98.148	54	1	0	315	368	5999	6052	4.98e-17	95.3
SczhEnG_1323	scaffold7872.1|size8912	98.148	54	1	0	315	368	6095	6148	4.98e-17	95.3
SczhEnG_1395	scaffold1515.1|size114345	100.000	28	0	0	1136	1163	35093	35120	2.76e-04	52.8
SczhEnG_1429	scaffold7872.1|size8912	96.330	109	4	0	612	720	627	735	1.51e-42	180
SczhEnG_1429	scaffold7872.1|size8912	96.330	109	4	0	612	720	3970	4078	1.51e-42	180
SczhEnG_1429	scaffold7872.1|size8912	96.330	109	4	0	612	720	6095	6203	1.51e-42	180
SczhEnG_1429	scaffold7872.1|size8912	96.250	80	3	0	612	691	531	610	4.28e-28	132
SczhEnG_1429	scaffold7872.1|size8912	96.250	80	3	0	612	691	5999	6078	4.28e-28	132
SczhEnG_1445	Smic.scaffold463|size542395	97.059	34	1	0	182960	182993	517225	517192	8.08e-04	58.4
SczhEnG_1446	scaffold4826.1|size34275	73.717	643	147	15	1059	1692	4386	5015	8.43e-58	231
SczhEnG_1448	scaffold2121.1|size88631	100.000	28	0	0	563	590	21185	21158	4.28e-04	52.8
SczhEnG_1448	scaffold2121.1|size88631	100.000	28	0	0	563	590	21226	21199	4.28e-04	52.8
SczhEnG_1448	scaffold2121.1|size88631	100.000	28	0	0	563	590	21267	21240	4.28e-04	52.8
SczhEnG_1467	scaffold4845.1|size35134	93.182	44	3	0	95746	95789	20855	20812	3.71e-06	65.8
SczhEnG_1493	scaffold282.1|size240797	97.059	34	1	0	70381	70414	167069	167036	4.21e-04	58.4
SczhEnG_1511	Smic.scaffold425|size564313	97.500	40	1	0	28544	28583	202196	202157	1.43e-07	69.4
SczhEnG_1511	Smic.scaffold425|size564313	97.500	40	1	0	28544	28583	202206	202167	1.43e-07	69.4
SczhEnG_1511	Smic.scaffold425|size564313	100.000	32	0	0	28552	28583	202208	202177	8.60e-05	60.2
SczhEnG_1531	Smic.scaffold751|size368135	82.243	107	15	2	40378	40484	128059	127957	2.41e-13	89.8
SczhEnG_1543	scaffold202.1|size271277	100.000	29	0	0	13152	13180	152486	152458	8.30e-04	54.7
SczhEnG_1561	scaffold1317.1|size125501	92.105	38	3	0	305	342	57331	57368	3.53e-04	54.7
SczhEnG_1581	Smic.scaffold971|size284064	100.000	28	0	0	2813	2840	204411	204384	5.07e-04	52.8
SczhEnG_1707	scaffold6654.1|size18891	100.000	32	0	0	239395	239426	5123	5154	7.55e-04	60.2
SczhEnG_1713	scaffold24816.1|size433	80.074	271	45	9	5779	6044	167	433	9.63e-46	193
SczhEnG_1805	scaffold2070.1|size90664	97.222	36	1	0	334671	334706	72391	72356	1.11e-04	62.1
SczhEnG_1805	scaffold2070.1|size90664	97.143	35	1	0	334672	334706	72384	72350	4.00e-04	60.2
SczhEnG_1812	scaffold19.1|size443072	100.000	33	0	0	243579	243611	371287	371319	2.24e-04	62.1
SczhEnG_1828	Smic.scaffold24|size1776169	97.143	35	1	0	30613	30647	1028940	1028974	1.34e-04	60.2
SczhEnG_1873	scaffold9461.1|size9599	91.379	58	4	1	960	1017	6186	6242	2.89e-12	78.7
SczhEnG_1881	Smic.scaffold67|size1295689	96.970	33	1	0	169	201	106134	106166	1.92e-05	56.5
SczhEnG_1897	scaffold2613.1|size83683	100.000	36	0	0	772361	772396	71831	71866	5.45e-06	67.6
SczhEnG_1897	scaffold2613.1|size83683	100.000	36	0	0	772361	772396	71845	71880	5.45e-06	67.6
SczhEnG_1991	scaffold292.1|size239810	97.222	36	1	0	92428	92463	169497	169462	5.30e-05	62.1
SczhEnG_1991	scaffold292.1|size239810	97.143	35	1	0	92429	92463	169489	169455	1.91e-04	60.2
SczhEnG_2019	scaffold1253.1|size128728	100.000	34	0	0	62080	62113	19160	19127	2.40e-05	63.9
SczhEnG_2032	scaffold1693.1|size105633	97.826	46	1	0	40744	40789	26207	26162	1.65e-10	80.5
SczhEnG_2032	scaffold1693.1|size105633	97.727	44	1	0	40744	40787	26196	26153	2.14e-09	76.8
SczhEnG_2032	scaffold1693.1|size105633	100.000	32	0	0	40744	40775	26185	26154	2.15e-04	60.2
SczhEnG_2088	Smic.scaffold1124|size239029	95.349	43	0	2	121651	121693	184117	184157	1.23e-06	67.6
SczhEnG_2088	Smic.scaffold1124|size239029	100.000	31	0	0	121651	121681	184105	184135	7.40e-04	58.4
SczhEnG_2088	Smic.scaffold1124|size239029	100.000	31	0	0	121651	121681	184111	184141	7.40e-04	58.4
SczhEnG_2099	Smic.scaffold36|size1537832	91.071	168	13	2	5210	5376	1076594	1076428	5.29e-56	226
SczhEnG_2118	Smic.scaffold1356|size163333	97.059	34	1	0	108998	109031	86698	86665	5.39e-04	58.4
SczhEnG_2143	scaffold8153.1|size7498	89.454	1081	91	8	174	1250	1593	532	0.0	1343
SczhEnG_2143	scaffold8153.1|size7498	89.454	1081	91	8	174	1250	7591	6530	0.0	1343
SczhEnG_2143	scaffold8153.1|size7498	93.435	655	43	0	596	1250	3389	2735	0.0	972
SczhEnG_2143	scaffold8153.1|size7498	89.062	128	13	1	291	417	3518	3391	4.75e-36	158
SczhEnG_2145	Smic.scaffold73|size1261888	100.000	32	0	0	220412	220443	591075	591106	2.75e-04	60.2
SczhEnG_2152	scaffold21.1|size436794	100.000	32	0	0	28136	28167	320456	320487	3.02e-04	60.2
SczhEnG_2158	scaffold8286.1|size18106	100.000	29	0	0	5397	5425	9254	9282	2.66e-04	54.7
SczhEnG_2183	Smic.scaffold21|size1804639	93.588	1310	79	3	4930	6236	552112	550805	0.0	1949
SczhEnG_2183	Smic.scaffold21|size1804639	88.163	245	25	3	3871	4112	553422	553179	6.28e-73	289
SczhEnG_2183	Smic.scaffold21|size1804639	100.000	123	0	0	4515	4637	552548	552426	1.39e-54	228
SczhEnG_2183	Smic.scaffold21|size1804639	100.000	54	0	0	939	992	552585	552532	3.16e-16	100
SczhEnG_2183	Smic.scaffold21|size1804639	97.500	40	1	0	348	387	553268	553229	8.91e-07	69.4
SczhEnG_2212	Smic.scaffold1641|size101517	100.000	28	0	0	1178	1205	39550	39577	2.09e-04	52.8
SczhEnG_2242	scaffold8101.1|size12358	90.130	385	23	7	182	554	7231	7612	6.07e-135	486
SczhEnG_2252	scaffold61392.1|size105	89.041	73	4	4	39741	39811	31	101	6.75e-13	87.9
SczhEnG_2252	scaffold61392.1|size105	87.879	66	8	0	39422	39487	39	104	4.06e-10	78.7
SczhEnG_2324	Smic.scaffold284|size717589	100.000	32	0	0	617483	617514	647743	647774	7.21e-04	60.2
SczhEnG_2336	scaffold11468.1|size9254	98.969	97	0	1	2570	2666	6801	6706	1.14e-39	172
SczhEnG_2353	scaffold8198.1|size7337	92.791	971	68	2	248	1217	3543	4512	0.0	1404
SczhEnG_2353	scaffold8198.1|size7337	93.388	242	16	0	891	1132	384	625	1.91e-96	359
SczhEnG_2353	scaffold8198.1|size7337	93.388	242	16	0	891	1132	6153	6394	1.91e-96	359
SczhEnG_2353	scaffold8198.1|size7337	94.500	200	11	0	166	365	3342	3541	1.95e-81	309
SczhEnG_2353	scaffold8198.1|size7337	93.500	200	10	2	1053	1251	615	812	5.47e-77	294
SczhEnG_2353	scaffold8198.1|size7337	92.647	204	15	0	1255	1458	982	1185	5.47e-77	294
SczhEnG_2353	scaffold8198.1|size7337	93.500	200	10	2	1053	1251	6384	6581	5.47e-77	294
SczhEnG_2353	scaffold8198.1|size7337	92.647	204	15	0	1255	1458	6751	6954	5.47e-77	294
SczhEnG_2353	scaffold8198.1|size7337	90.640	203	19	0	1321	1523	1187	1389	9.22e-70	270
SczhEnG_2353	scaffold8198.1|size7337	90.640	203	19	0	1321	1523	6956	7158	9.22e-70	270
SczhEnG_2353	scaffold8198.1|size7337	94.253	174	10	0	776	949	207	380	1.19e-68	267
SczhEnG_2353	scaffold8198.1|size7337	94.253	174	10	0	776	949	5976	6149	1.19e-68	267
SczhEnG_2375	scaffold2327.1|size82221	100.000	32	0	0	87828	87859	42231	42200	5.30e-04	60.2
SczhEnG_2411	scaffold4998.1|size31953	99.310	1450	9	1	1	1450	3669	2221	0.0	2621
SczhEnG_2411	scaffold4998.1|size31953	94.419	215	10	2	1564	1777	7496	7709	1.28e-87	329
SczhEnG_2411	scaffold4998.1|size31953	84.615	78	10	2	1587	1664	7562	7637	1.84e-11	76.8
SczhEnG_2422	Smic.scaffold381|size605696	100.000	33	0	0	1032547	1032579	81702	81734	3.22e-04	62.1
SczhEnG_2434	Smic.scaffold4893|size2280	97.346	2148	54	3	1	2145	2270	123	0.0	3666
SczhEnG_2501	scaffold22.1|size431876	96.970	33	0	1	3551	3582	17038	17070	6.88e-04	54.7
SczhEnG_2507	scaffold7719.1|size11670	100.000	32	0	0	65	96	4153	4184	1.86e-06	60.2
SczhEnG_2507	scaffold7719.1|size11670	100.000	32	0	0	65	96	6099	6130	1.86e-06	60.2
SczhEnG_2511	Smic.scaffold784|size352039	91.579	95	8	0	1002	1096	173074	172980	2.70e-28	132
SczhEnG_2655	scaffold4969.1|size69705	96.093	691	25	2	7970	8659	27990	27301	0.0	1125
SczhEnG_2662	scaffold1269.1|size127624	91.111	45	4	0	51708	51752	61408	61452	3.95e-05	62.1
SczhEnG_2691	Smic.scaffold210|size843944	100.000	30	0	0	239	268	11162	11191	2.15e-05	56.5
SczhEnG_2709	scaffold15892.1|size750	87.719	57	5	2	60859	60914	749	694	4.35e-06	65.8
SczhEnG_2709	scaffold15892.1|size750	89.130	46	5	0	92811	92856	705	750	7.28e-04	58.4
SczhEnG_2712	Smic.scaffold806|size340961	80.208	96	9	7	313737	313830	336850	336937	1.59e-04	63.9
SczhEnG_2792	scaffold20604.1|size544	97.059	34	1	0	4625	4658	198	231	1.32e-04	58.4
SczhEnG_2837	scaffold1074.1|size139831	94.595	37	2	0	119383	119419	104340	104304	5.54e-04	58.4
SczhEnG_2858	Smic.scaffold1240|size194037	87.302	63	8	0	88374	88436	81557	81619	1.33e-08	73.1
SczhEnG_2887	scaffold4818.1|size34747	97.368	38	0	1	182668	182705	3275	3239	1.85e-05	63.9
SczhEnG_2913	scaffold498.1|size458234	100.000	32	0	0	82963	82994	404904	404873	3.98e-04	60.2
SczhEnG_2935	scaffold4041.1|size45706	100.000	32	0	0	45527	45558	3601	3632	1.16e-04	60.2
SczhEnG_2935	scaffold4041.1|size45706	100.000	32	0	0	45527	45558	3609	3640	1.16e-04	60.2
SczhEnG_2935	scaffold4041.1|size45706	100.000	32	0	0	45527	45558	3617	3648	1.16e-04	60.2
SczhEnG_2935	scaffold4041.1|size45706	100.000	32	0	0	45527	45558	3625	3656	1.16e-04	60.2
SczhEnG_2935	scaffold4041.1|size45706	100.000	32	0	0	45527	45558	3633	3664	1.16e-04	60.2
SczhEnG_2935	scaffold4041.1|size45706	100.000	32	0	0	45527	45558	3641	3672	1.16e-04	60.2
SczhEnG_2935	scaffold4041.1|size45706	100.000	32	0	0	45527	45558	3649	3680	1.16e-04	60.2
SczhEnG_2935	scaffold4041.1|size45706	100.000	32	0	0	45527	45558	3657	3688	1.16e-04	60.2
SczhEnG_2935	scaffold4041.1|size45706	100.000	32	0	0	45527	45558	3665	3696	1.16e-04	60.2
SczhEnG_2935	scaffold4041.1|size45706	100.000	32	0	0	45527	45558	3673	3704	1.16e-04	60.2
SczhEnG_2935	scaffold4041.1|size45706	100.000	32	0	0	45527	45558	3681	3712	1.16e-04	60.2
SczhEnG_2935	scaffold4041.1|size45706	100.000	32	0	0	45527	45558	3689	3720	1.16e-04	60.2
SczhEnG_2939	scaffold3442.1|size104216	100.000	32	0	0	161648	161679	63319	63288	3.47e-04	60.2
SczhEnG_2939	scaffold3442.1|size104216	100.000	32	0	0	161648	161679	63327	63296	3.47e-04	60.2
SczhEnG_2939	scaffold3442.1|size104216	100.000	32	0	0	161648	161679	63335	63304	3.47e-04	60.2
SczhEnG_2939	scaffold3442.1|size104216	100.000	32	0	0	161648	161679	63343	63312	3.47e-04	60.2
SczhEnG_2955	scaffold1031.1|size143042	95.238	42	2	0	107748	107789	72727	72686	3.01e-06	67.6
SczhEnG_2978	scaffold61392.1|size105	88.889	81	4	5	302830	302908	103	26	2.89e-14	95.3
SczhEnG_2978	scaffold61392.1|size105	89.189	74	4	4	764255	764326	103	32	1.34e-12	89.8
SczhEnG_2978	scaffold61392.1|size105	87.838	74	5	4	761402	761473	103	32	6.25e-11	84.2
SczhEnG_2998	scaffold6672.1|size41386	98.030	1421	28	0	5421	6841	22824	21404	0.0	2470
SczhEnG_2998	scaffold6672.1|size41386	98.113	795	14	1	5421	6214	24578	23784	0.0	1384
SczhEnG_2998	scaffold6672.1|size41386	97.602	417	9	1	6072	6488	23781	23366	0.0	713
SczhEnG_3011	scaffold3634.1|size52958	75.159	157	33	6	7979	8134	24178	24027	2.16e-08	69.4
SczhEnG_3043	scaffold1896.1|size96813	100.000	31	0	0	35330	35360	32886	32916	5.65e-04	58.4
SczhEnG_3097	Smic.scaffold1216|size204498	91.837	49	4	0	126696	126744	26083	26131	2.32e-07	69.4
SczhEnG_3146	scaffold1490.1|size115670	100.000	31	0	0	67943	67973	79120	79090	5.35e-04	58.4
SczhEnG_3147	Smic.scaffold410|size579270	81.333	75	11	3	147858	147930	493325	493398	8.59e-04	58.4
SczhEnG_3178	Smic.scaffold2140|size29419	89.062	64	6	1	15178	15241	11072	11010	4.68e-11	78.7
SczhEnG_3178	Smic.scaffold2140|size29419	89.062	64	6	1	15178	15241	12473	12411	4.68e-11	78.7
SczhEnG_3223	Smic.scaffold68|size1290279	92.683	41	3	0	67271	67311	648510	648550	2.49e-04	60.2
SczhEnG_3223	Smic.scaffold68|size1290279	97.143	35	0	1	67267	67300	245693	245727	8.96e-04	58.4
SczhEnG_3238	Smic.scaffold4887|size2287	98.885	897	10	0	1	897	1391	2287	0.0	1602
SczhEnG_3243	scaffold640.1|size177612	94.595	37	2	0	37779	37815	168542	168506	6.36e-04	58.4
SczhEnG_3253	Smic.scaffold1568|size116476	85.124	121	16	1	563900	564018	72695	72815	7.69e-23	122
SczhEnG_3284	scaffold7223.1|size20424	81.915	282	42	1	1222	1494	13303	13584	1.69e-57	230
SczhEnG_3284	scaffold7223.1|size20424	81.915	282	42	1	1222	1494	15466	15747	1.69e-57	230
SczhEnG_3284	scaffold7223.1|size20424	81.915	282	42	1	1222	1494	18998	19279	1.69e-57	230
SczhEnG_3309	scaffold3929.1|size57123	86.547	223	26	4	482	701	5260	5039	1.60e-61	243
SczhEnG_3311	Smic.scaffold43|size1491372	97.059	34	1	0	54144	54177	1013744	1013777	5.93e-04	58.4
SczhEnG_3323	scaffold3736.1|size51197	79.703	202	40	1	222291	222491	25786	25585	1.02e-29	145
SczhEnG_3349	scaffold3511.1|size105743	100.000	33	0	0	211060	211092	40876	40908	6.41e-05	62.1
SczhEnG_3381	scaffold507.1|size305965	82.558	86	12	3	418391	418474	114678	114762	9.64e-08	73.1
SczhEnG_3381	scaffold507.1|size305965	82.558	86	12	3	418391	418474	115685	115769	9.64e-08	73.1
SczhEnG_3389	Smic.scaffold360|size624479	91.304	46	3	1	126054	126099	174787	174743	1.30e-04	62.1
SczhEnG_3398	scaffold7963.1|size8410	100.000	47	0	0	3323	3369	6954	6908	1.64e-14	87.9
SczhEnG_3424	Smic.scaffold225|size824160	82.927	82	12	1	160173	160254	355033	355112	2.74e-08	73.1
SczhEnG_3433	scaffold4306.1|size49852	90.741	54	5	0	1254843	1254896	39758	39811	1.85e-07	73.1
SczhEnG_3433	scaffold4306.1|size49852	90.741	54	5	0	1254843	1254896	39766	39819	1.85e-07	73.1
SczhEnG_3433	scaffold4306.1|size49852	90.741	54	5	0	1254843	1254896	39774	39827	1.85e-07	73.1
SczhEnG_3433	scaffold4306.1|size49852	90.741	54	5	0	1254843	1254896	39782	39835	1.85e-07	73.1
SczhEnG_3433	scaffold4306.1|size49852	90.741	54	5	0	1254843	1254896	39790	39843	1.85e-07	73.1
SczhEnG_3433	scaffold4306.1|size49852	90.741	54	5	0	1254843	1254896	39798	39851	1.85e-07	73.1
SczhEnG_3433	scaffold4306.1|size49852	90.741	54	5	0	1254843	1254896	39806	39859	1.85e-07	73.1
SczhEnG_3433	scaffold4306.1|size49852	90.741	54	5	0	1254843	1254896	39814	39867	1.85e-07	73.1
SczhEnG_3433	scaffold4306.1|size49852	90.741	54	5	0	1254843	1254896	39822	39875	1.85e-07	73.1
SczhEnG_3433	scaffold4306.1|size49852	90.741	54	5	0	1254843	1254896	39830	39883	1.85e-07	73.1
SczhEnG_3433	scaffold4306.1|size49852	90.741	54	5	0	1254843	1254896	39838	39891	1.85e-07	73.1
SczhEnG_3433	scaffold4306.1|size49852	90.741	54	5	0	1254843	1254896	39846	39899	1.85e-07	73.1
SczhEnG_3433	scaffold4306.1|size49852	90.741	54	5	0	1254843	1254896	39854	39907	1.85e-07	73.1
SczhEnG_3433	scaffold4306.1|size49852	90.741	54	5	0	1254843	1254896	39862	39915	1.85e-07	73.1
SczhEnG_3433	scaffold4306.1|size49852	90.741	54	5	0	1254843	1254896	39870	39923	1.85e-07	73.1
SczhEnG_3433	scaffold4306.1|size49852	90.741	54	5	0	1254843	1254896	39878	39931	1.85e-07	73.1
SczhEnG_3433	scaffold4306.1|size49852	90.741	54	5	0	1254843	1254896	39886	39939	1.85e-07	73.1
SczhEnG_3433	scaffold4306.1|size49852	90.741	54	5	0	1254843	1254896	39894	39947	1.85e-07	73.1
SczhEnG_3433	scaffold4306.1|size49852	90.741	54	5	0	1254843	1254896	39902	39955	1.85e-07	73.1
SczhEnG_3433	scaffold4306.1|size49852	90.741	54	5	0	1254843	1254896	39910	39963	1.85e-07	73.1
SczhEnG_3433	scaffold4306.1|size49852	90.741	54	5	0	1254843	1254896	39918	39971	1.85e-07	73.1
SczhEnG_3433	scaffold4306.1|size49852	90.741	54	5	0	1254843	1254896	39926	39979	1.85e-07	73.1
SczhEnG_3433	scaffold4306.1|size49852	90.741	54	5	0	1254843	1254896	39934	39987	1.85e-07	73.1
SczhEnG_3433	scaffold4306.1|size49852	90.741	54	5	0	1254843	1254896	39942	39995	1.85e-07	73.1
SczhEnG_3433	scaffold4306.1|size49852	90.741	54	5	0	1254843	1254896	39950	40003	1.85e-07	73.1
SczhEnG_3433	scaffold4306.1|size49852	90.741	54	5	0	1254843	1254896	39958	40011	1.85e-07	73.1
SczhEnG_3433	scaffold4306.1|size49852	90.741	54	5	0	1254843	1254896	39966	40019	1.85e-07	73.1
SczhEnG_3433	scaffold4306.1|size49852	90.741	54	5	0	1254843	1254896	39974	40027	1.85e-07	73.1
SczhEnG_3433	scaffold4306.1|size49852	90.741	54	5	0	1254843	1254896	39982	40035	1.85e-07	73.1
SczhEnG_3433	scaffold4306.1|size49852	90.741	54	5	0	1254843	1254896	39990	40043	1.85e-07	73.1
SczhEnG_3433	scaffold4306.1|size49852	90.741	54	5	0	1254843	1254896	39998	40051	1.85e-07	73.1
SczhEnG_3433	scaffold4306.1|size49852	90.741	54	5	0	1254843	1254896	40006	40059	1.85e-07	73.1
SczhEnG_3433	scaffold4306.1|size49852	90.741	54	5	0	1254843	1254896	40014	40067	1.85e-07	73.1
SczhEnG_3433	scaffold4306.1|size49852	90.741	54	5	0	1254843	1254896	40022	40075	1.85e-07	73.1
SczhEnG_3433	scaffold4306.1|size49852	90.741	54	5	0	1254843	1254896	40030	40083	1.85e-07	73.1
SczhEnG_3433	scaffold4306.1|size49852	90.741	54	5	0	1254843	1254896	40038	40091	1.85e-07	73.1
SczhEnG_3433	scaffold4306.1|size49852	90.741	54	5	0	1254843	1254896	40046	40099	1.85e-07	73.1
SczhEnG_3433	scaffold4306.1|size49852	90.741	54	5	0	1254843	1254896	40054	40107	1.85e-07	73.1
SczhEnG_3433	scaffold4306.1|size49852	90.741	54	5	0	1254843	1254896	40062	40115	1.85e-07	73.1
SczhEnG_3433	scaffold4306.1|size49852	90.741	54	5	0	1254843	1254896	40070	40123	1.85e-07	73.1
SczhEnG_3433	scaffold4306.1|size49852	90.741	54	5	0	1254843	1254896	40078	40131	1.85e-07	73.1
SczhEnG_3433	scaffold4306.1|size49852	90.741	54	5	0	1254843	1254896	40086	40139	1.85e-07	73.1
SczhEnG_3433	scaffold4306.1|size49852	90.741	54	5	0	1254843	1254896	40094	40147	1.85e-07	73.1
SczhEnG_3433	scaffold4306.1|size49852	90.741	54	5	0	1254843	1254896	40102	40155	1.85e-07	73.1
SczhEnG_3433	scaffold4306.1|size49852	90.741	54	5	0	1254843	1254896	40110	40163	1.85e-07	73.1
SczhEnG_3433	scaffold4306.1|size49852	90.741	54	5	0	1254843	1254896	40118	40171	1.85e-07	73.1
SczhEnG_3433	scaffold4306.1|size49852	90.741	54	5	0	1254843	1254896	40126	40179	1.85e-07	73.1
SczhEnG_3433	scaffold4306.1|size49852	90.741	54	5	0	1254843	1254896	40134	40187	1.85e-07	73.1
SczhEnG_3433	scaffold4306.1|size49852	90.741	54	5	0	1254843	1254896	40142	40195	1.85e-07	73.1
SczhEnG_3433	scaffold4306.1|size49852	90.741	54	5	0	1254843	1254896	40150	40203	1.85e-07	73.1
SczhEnG_3433	scaffold4306.1|size49852	90.741	54	5	0	1254843	1254896	40158	40211	1.85e-07	73.1
SczhEnG_3433	scaffold4306.1|size49852	90.741	54	5	0	1254843	1254896	40166	40219	1.85e-07	73.1
SczhEnG_3433	scaffold4306.1|size49852	90.741	54	5	0	1254843	1254896	40174	40227	1.85e-07	73.1
SczhEnG_3433	scaffold4306.1|size49852	90.741	54	5	0	1254843	1254896	40182	40235	1.85e-07	73.1
SczhEnG_3433	scaffold4306.1|size49852	90.741	54	5	0	1254843	1254896	40190	40243	1.85e-07	73.1
SczhEnG_3433	scaffold4306.1|size49852	90.741	54	5	0	1254843	1254896	40198	40251	1.85e-07	73.1
SczhEnG_3433	scaffold4306.1|size49852	90.741	54	5	0	1254843	1254896	40206	40259	1.85e-07	73.1
SczhEnG_3433	scaffold4306.1|size49852	90.741	54	5	0	1254843	1254896	40214	40267	1.85e-07	73.1
SczhEnG_3433	scaffold4306.1|size49852	90.741	54	5	0	1254843	1254896	40222	40275	1.85e-07	73.1
SczhEnG_3433	scaffold4306.1|size49852	90.741	54	5	0	1254843	1254896	40230	40283	1.85e-07	73.1
SczhEnG_3433	scaffold4306.1|size49852	90.741	54	5	0	1254843	1254896	40238	40291	1.85e-07	73.1
SczhEnG_3433	scaffold4306.1|size49852	90.741	54	5	0	1254843	1254896	40246	40299	1.85e-07	73.1
SczhEnG_3433	scaffold4306.1|size49852	90.741	54	5	0	1254843	1254896	40254	40307	1.85e-07	73.1
SczhEnG_3433	scaffold4306.1|size49852	90.741	54	5	0	1254843	1254896	40262	40315	1.85e-07	73.1
SczhEnG_3433	scaffold4306.1|size49852	90.741	54	5	0	1254843	1254896	40270	40323	1.85e-07	73.1
SczhEnG_3433	scaffold4306.1|size49852	90.741	54	5	0	1254843	1254896	40278	40331	1.85e-07	73.1
SczhEnG_3433	scaffold4306.1|size49852	90.741	54	5	0	1254843	1254896	40286	40339	1.85e-07	73.1
SczhEnG_3433	scaffold4306.1|size49852	90.741	54	5	0	1254843	1254896	40294	40347	1.85e-07	73.1
SczhEnG_3433	scaffold4306.1|size49852	90.741	54	5	0	1254843	1254896	40302	40355	1.85e-07	73.1
SczhEnG_3433	scaffold4306.1|size49852	90.741	54	5	0	1254843	1254896	40310	40363	1.85e-07	73.1
SczhEnG_3433	scaffold4306.1|size49852	90.741	54	5	0	1254843	1254896	40318	40371	1.85e-07	73.1
SczhEnG_3433	scaffold4306.1|size49852	90.741	54	5	0	1254843	1254896	40326	40379	1.85e-07	73.1
SczhEnG_3433	scaffold4306.1|size49852	90.741	54	5	0	1254843	1254896	40334	40387	1.85e-07	73.1
SczhEnG_3433	scaffold4306.1|size49852	90.741	54	5	0	1254843	1254896	40342	40395	1.85e-07	73.1
SczhEnG_3433	scaffold4306.1|size49852	90.741	54	5	0	1254843	1254896	40350	40403	1.85e-07	73.1
SczhEnG_3433	scaffold4306.1|size49852	90.741	54	5	0	1254843	1254896	40358	40411	1.85e-07	73.1
SczhEnG_3433	scaffold4306.1|size49852	90.741	54	5	0	1254843	1254896	40366	40419	1.85e-07	73.1
SczhEnG_3433	scaffold4306.1|size49852	90.741	54	5	0	1254843	1254896	40374	40427	1.85e-07	73.1
SczhEnG_3433	scaffold4306.1|size49852	90.741	54	5	0	1254843	1254896	40382	40435	1.85e-07	73.1
SczhEnG_3433	scaffold4306.1|size49852	90.741	54	5	0	1254843	1254896	40390	40443	1.85e-07	73.1
SczhEnG_3433	scaffold4306.1|size49852	90.741	54	5	0	1254843	1254896	40398	40451	1.85e-07	73.1
SczhEnG_3433	scaffold4306.1|size49852	90.741	54	5	0	1254843	1254896	40406	40459	1.85e-07	73.1
SczhEnG_3433	scaffold4306.1|size49852	90.741	54	5	0	1254843	1254896	40414	40467	1.85e-07	73.1
SczhEnG_3433	scaffold4306.1|size49852	90.741	54	5	0	1254843	1254896	40422	40475	1.85e-07	73.1
SczhEnG_3433	scaffold4306.1|size49852	90.741	54	5	0	1254843	1254896	40430	40483	1.85e-07	73.1
SczhEnG_3433	scaffold4306.1|size49852	90.741	54	5	0	1254843	1254896	40438	40491	1.85e-07	73.1
SczhEnG_3433	scaffold4306.1|size49852	90.741	54	5	0	1254843	1254896	40446	40499	1.85e-07	73.1
SczhEnG_3433	scaffold4306.1|size49852	90.741	54	5	0	1254843	1254896	40454	40507	1.85e-07	73.1
SczhEnG_3433	scaffold4306.1|size49852	90.741	54	5	0	1254843	1254896	40462	40515	1.85e-07	73.1
SczhEnG_3433	scaffold4306.1|size49852	90.741	54	5	0	1254843	1254896	40470	40523	1.85e-07	73.1
SczhEnG_3433	scaffold4306.1|size49852	90.741	54	5	0	1254843	1254896	40478	40531	1.85e-07	73.1
SczhEnG_3433	scaffold4306.1|size49852	90.741	54	5	0	1254843	1254896	40486	40539	1.85e-07	73.1
SczhEnG_3433	scaffold4306.1|size49852	90.741	54	5	0	1254843	1254896	40494	40547	1.85e-07	73.1
SczhEnG_3433	scaffold4306.1|size49852	90.741	54	5	0	1254843	1254896	40502	40555	1.85e-07	73.1
SczhEnG_3433	scaffold4306.1|size49852	90.741	54	5	0	1254843	1254896	40510	40563	1.85e-07	73.1
SczhEnG_3433	scaffold4306.1|size49852	90.741	54	5	0	1254843	1254896	40518	40571	1.85e-07	73.1
SczhEnG_3433	scaffold4306.1|size49852	90.741	54	5	0	1254843	1254896	40526	40579	1.85e-07	73.1
SczhEnG_3433	scaffold4306.1|size49852	90.741	54	5	0	1254843	1254896	40534	40587	1.85e-07	73.1
SczhEnG_3433	scaffold4306.1|size49852	90.741	54	5	0	1254843	1254896	40542	40595	1.85e-07	73.1
SczhEnG_3433	scaffold4306.1|size49852	90.741	54	5	0	1254843	1254896	40550	40603	1.85e-07	73.1
SczhEnG_3433	scaffold4306.1|size49852	90.741	54	5	0	1254843	1254896	40558	40611	1.85e-07	73.1
SczhEnG_3433	scaffold4306.1|size49852	90.741	54	5	0	1254843	1254896	40566	40619	1.85e-07	73.1
SczhEnG_3433	scaffold4306.1|size49852	90.741	54	5	0	1254843	1254896	40574	40627	1.85e-07	73.1
SczhEnG_3433	scaffold4306.1|size49852	90.741	54	5	0	1254843	1254896	40582	40635	1.85e-07	73.1
SczhEnG_3433	scaffold4306.1|size49852	90.741	54	5	0	1254843	1254896	40590	40643	1.85e-07	73.1
SczhEnG_3433	scaffold4306.1|size49852	90.741	54	5	0	1254843	1254896	40598	40651	1.85e-07	73.1
SczhEnG_3433	scaffold4306.1|size49852	90.741	54	5	0	1254843	1254896	40606	40659	1.85e-07	73.1
SczhEnG_3433	scaffold4306.1|size49852	90.741	54	5	0	1254843	1254896	40614	40667	1.85e-07	73.1
SczhEnG_3433	scaffold4306.1|size49852	90.741	54	5	0	1254843	1254896	40622	40675	1.85e-07	73.1
SczhEnG_3433	scaffold4306.1|size49852	90.741	54	5	0	1254843	1254896	40630	40683	1.85e-07	73.1
SczhEnG_3433	scaffold4306.1|size49852	90.741	54	5	0	1254843	1254896	40638	40691	1.85e-07	73.1
SczhEnG_3433	scaffold4306.1|size49852	90.741	54	5	0	1254843	1254896	40646	40699	1.85e-07	73.1
SczhEnG_3433	scaffold4306.1|size49852	97.561	41	1	0	1254843	1254883	40654	40694	6.67e-07	71.3
SczhEnG_3433	scaffold4306.1|size49852	97.561	41	1	0	1254843	1254883	40662	40702	6.67e-07	71.3
SczhEnG_3433	scaffold4306.1|size49852	87.931	58	6	1	1254839	1254896	39747	39803	2.40e-06	69.4
SczhEnG_3433	scaffold4306.1|size49852	95.122	41	2	0	1254843	1254883	40670	40710	3.10e-05	65.8
SczhEnG_3468	scaffold738.1|size167167	78.125	96	19	2	50934	51028	50561	50467	1.39e-04	60.2
SczhEnG_3491	Smic.scaffold966|size285890	97.143	35	1	0	112376	112410	20908	20874	3.33e-04	60.2
SczhEnG_3525	scaffold8332.1|size6794	96.499	657	23	0	289	945	171	827	0.0	1086
SczhEnG_3525	scaffold8332.1|size6794	96.499	657	23	0	289	945	5961	6617	0.0	1086
SczhEnG_3525	scaffold8332.1|size6794	97.521	121	3	0	825	945	2782	2902	4.22e-51	207
SczhEnG_3550	Smic.scaffold473|size535369	96.809	94	2	1	580	672	186484	186391	2.63e-35	156
SczhEnG_3584	scaffold2955.1|size66548	93.333	45	1	2	551132	551174	39911	39867	1.34e-05	65.8
SczhEnG_3607	Smic.scaffold69|size1289600	94.872	39	2	0	56272	56310	301129	301091	2.33e-05	62.1
SczhEnG_3627	scaffold4461.1|size39456	97.222	36	0	1	54865	54900	11449	11415	1.38e-04	60.2
SczhEnG_3631	scaffold145.1|size471898	97.143	35	1	0	546809	546843	337060	337026	5.88e-04	60.2
SczhEnG_3638	Smic.scaffold6096|size1548	85.227	88	12	1	88930	89016	977	1064	2.17e-13	89.8
SczhEnG_3646	scaffold7769.1|size9393	91.568	759	64	0	95	853	310	1068	0.0	1048
SczhEnG_3646	scaffold7769.1|size9393	91.803	366	24	6	760	1122	3334	3696	1.93e-140	505
SczhEnG_3646	scaffold7769.1|size9393	91.803	366	24	6	760	1122	9005	9367	1.93e-140	505
SczhEnG_3687	scaffold778.1|size163404	92.683	41	3	0	25	65	110038	109998	1.24e-06	60.2
SczhEnG_3687	scaffold778.1|size163404	81.690	71	7	3	27	96	110085	110020	5.78e-05	54.7
SczhEnG_3694	Smic.scaffold498|size516402	93.182	44	2	1	61337	61379	398066	398023	1.81e-05	63.9
SczhEnG_3697	Smic.scaffold1218|size203272	100.000	30	0	0	940	969	63965	63936	3.89e-05	56.5
SczhEnG_3725	Smic.scaffold253|size763873	89.796	49	5	0	15991	16039	91109	91061	2.54e-06	63.9
SczhEnG_3738	scaffold7592.1|size12598	93.492	461	28	2	1575	2034	5895	5436	0.0	684
SczhEnG_3738	scaffold7592.1|size12598	93.492	461	28	2	1575	2034	11737	11278	0.0	684
SczhEnG_3738	scaffold7592.1|size12598	93.217	457	29	2	1575	2030	2183	1728	0.0	671
SczhEnG_3738	scaffold7592.1|size12598	92.705	329	21	3	1707	2034	482	156	2.67e-130	472
SczhEnG_3738	scaffold7592.1|size12598	87.123	365	33	8	619	976	8800	8443	3.56e-109	401
SczhEnG_3738	scaffold7592.1|size12598	87.915	331	37	3	993	1323	2542	2215	9.96e-105	387
SczhEnG_3738	scaffold7592.1|size12598	82.864	391	32	14	1112	1492	6255	5890	3.69e-84	318
SczhEnG_3738	scaffold7592.1|size12598	82.864	391	32	14	1112	1492	12097	11732	3.69e-84	318
SczhEnG_3738	scaffold7592.1|size12598	91.608	143	12	0	619	761	6476	6334	5.01e-48	198
SczhEnG_3738	scaffold7592.1|size12598	91.608	143	12	0	619	761	12318	12176	5.01e-48	198
SczhEnG_3738	scaffold7592.1|size12598	97.872	47	1	0	1446	1492	2224	2178	5.26e-13	82.4
SczhEnG_3808	Smic.scaffold862|size323817	94.872	39	2	0	332244	332282	31763	31801	2.24e-04	62.1
SczhEnG_3826	Smic.scaffold2090|size33516	100.000	32	0	0	7168	7199	10936	10967	2.65e-04	60.2
SczhEnG_3828	scaffold529.1|size191693	95.652	46	1	1	23	67	119220	119265	1.43e-09	73.1
SczhEnG_3831	Smic.scaffold571|size467943	94.737	38	2	0	580959	580996	328742	328779	6.43e-04	60.2
SczhEnG_3860	scaffold10976.1|size7142	90.049	814	63	11	1136	1935	4517	3708	0.0	1038
SczhEnG_3860	scaffold10976.1|size7142	87.571	531	57	8	896	1422	872	347	1.87e-171	608
SczhEnG_3860	scaffold10976.1|size7142	87.571	531	57	8	896	1422	6828	6303	1.87e-171	608
SczhEnG_3860	scaffold10976.1|size7142	85.870	368	29	11	573	939	4898	4553	9.59e-100	370
SczhEnG_3860	scaffold10976.1|size7142	88.561	271	30	1	1798	2067	3716	3446	5.86e-87	327
SczhEnG_3860	scaffold10976.1|size7142	82.891	339	21	18	496	829	1343	1037	1.00e-69	270
SczhEnG_3860	scaffold10976.1|size7142	82.891	339	21	18	496	829	7299	6993	1.00e-69	270
SczhEnG_3860	scaffold10976.1|size7142	93.333	150	10	0	281	430	1493	1344	2.84e-55	222
SczhEnG_3860	scaffold10976.1|size7142	93.333	150	10	0	281	430	7449	7300	2.84e-55	222
SczhEnG_3860	scaffold10976.1|size7142	94.444	72	4	0	168	239	1565	1494	6.42e-22	111
SczhEnG_3860	scaffold10976.1|size7142	94.444	72	4	0	168	239	7521	7450	6.42e-22	111
SczhEnG_3860	scaffold10976.1|size7142	96.552	58	2	0	882	939	928	871	1.80e-17	97.1
SczhEnG_3860	scaffold10976.1|size7142	96.552	58	2	0	882	939	6884	6827	1.80e-17	97.1
SczhEnG_3894	Smic.scaffold5009|size2150	89.013	1165	119	8	768	1926	989	2150	0.0	1434
SczhEnG_3916	scaffold7764.1|size9425	92.222	90	6	1	27979	28067	2290	2201	1.45e-24	126
SczhEnG_3922	Smic.scaffold4887|size2287	98.243	1138	18	2	1	1137	261	1397	0.0	1989
SczhEnG_3928	scaffold1952.1|size95184	92.683	41	1	2	100861	100899	56416	56376	8.64e-04	58.4
SczhEnG_3974	scaffold8286.1|size18106	100.000	29	0	0	23	51	9254	9282	1.21e-04	54.7
SczhEnG_4012	scaffold1304.1|size242089	85.714	63	5	2	29516	29578	67365	67307	2.14e-05	63.9
SczhEnG_4018	scaffold1695.1|size105566	93.023	43	2	1	200848	200889	17689	17731	6.77e-05	62.1
SczhEnG_4064	scaffold7719.1|size11670	100.000	32	0	0	1785	1816	4184	4153	2.26e-06	60.2
SczhEnG_4064	scaffold7719.1|size11670	100.000	32	0	0	1785	1816	6130	6099	2.26e-06	60.2
SczhEnG_4068	Smic.scaffold2111|size31775	97.297	37	1	0	778527	778563	24951	24915	7.14e-05	63.9
SczhEnG_4071	scaffold7719.1|size11670	88.388	732	47	20	801	1517	1213	1921	0.0	846
SczhEnG_4071	scaffold7719.1|size11670	86.997	746	45	24	801	1517	6514	7236	0.0	793
SczhEnG_4071	scaffold7719.1|size11670	88.331	617	46	15	916	1517	10312	10917	0.0	717
SczhEnG_4071	scaffold7719.1|size11670	87.612	557	43	15	976	1517	8212	8757	7.49e-176	623
SczhEnG_4071	scaffold7719.1|size11670	87.984	258	9	9	801	1050	4229	4472	4.01e-74	285
SczhEnG_4071	scaffold7719.1|size11670	85.816	282	19	8	91	371	5795	6056	1.87e-72	279
SczhEnG_4071	scaffold7719.1|size11670	95.425	153	4	3	402	553	6087	6237	8.81e-61	241
SczhEnG_4071	scaffold7719.1|size11670	89.000	200	10	6	1845	2044	2197	2384	1.14e-59	237
SczhEnG_4071	scaffold7719.1|size11670	89.000	200	10	6	1845	2044	7512	7699	1.14e-59	237
SczhEnG_4071	scaffold7719.1|size11670	89.000	200	10	6	1845	2044	9033	9220	1.14e-59	237
SczhEnG_4071	scaffold7719.1|size11670	89.000	200	10	6	1845	2044	11193	11380	1.14e-59	237
SczhEnG_4071	scaffold7719.1|size11670	81.288	326	30	17	2135	2435	2544	2863	4.10e-59	235
SczhEnG_4071	scaffold7719.1|size11670	81.288	326	30	17	2135	2435	7859	8178	4.10e-59	235
SczhEnG_4071	scaffold7719.1|size11670	81.818	220	18	6	153	371	3816	4014	5.45e-38	165
SczhEnG_4071	scaffold7719.1|size11670	94.845	97	5	0	1599	1695	1958	2054	4.25e-34	152
SczhEnG_4071	scaffold7719.1|size11670	94.845	97	5	0	1599	1695	7273	7369	4.25e-34	152
SczhEnG_4071	scaffold7719.1|size11670	94.845	97	5	0	1599	1695	8794	8890	4.25e-34	152
SczhEnG_4071	scaffold7719.1|size11670	94.845	97	5	0	1599	1695	10954	11050	4.25e-34	152
SczhEnG_4071	scaffold7719.1|size11670	95.946	74	3	0	2135	2208	9511	9584	1.20e-24	121
SczhEnG_4071	scaffold7719.1|size11670	90.805	87	6	2	1347	1431	9	95	5.57e-23	115
SczhEnG_4071	scaffold7719.1|size11670	94.286	70	4	0	1094	1163	4471	4540	9.32e-21	108
SczhEnG_4071	scaffold7719.1|size11670	92.105	76	5	1	634	708	6249	6324	3.35e-20	106
SczhEnG_4071	scaffold7719.1|size11670	92.424	66	4	1	1599	1663	198	263	2.61e-16	93.5
SczhEnG_4071	scaffold7719.1|size11670	86.022	93	1	5	801	893	6407	6487	3.38e-15	89.8
SczhEnG_4071	scaffold7719.1|size11670	91.935	62	4	1	648	708	1069	1130	4.37e-14	86.1
SczhEnG_4071	scaffold7719.1|size11670	97.727	44	1	0	402	445	4141	4184	2.63e-11	76.8
SczhEnG_4071	scaffold7719.1|size11670	100.000	37	0	0	2060	2096	2453	2489	4.40e-09	69.4
SczhEnG_4071	scaffold7719.1|size11670	100.000	37	0	0	2060	2096	7768	7804	4.40e-09	69.4
SczhEnG_4071	scaffold7719.1|size11670	100.000	37	0	0	2060	2096	9289	9325	4.40e-09	69.4
SczhEnG_4071	scaffold7719.1|size11670	100.000	37	0	0	2060	2096	9420	9456	4.40e-09	69.4
SczhEnG_4086	Smic.scaffold1430|size148063	97.222	36	0	1	42157	42192	83045	83011	5.18e-05	60.2
SczhEnG_4129	scaffold7724.1|size9700	90.993	755	68	0	177	931	332	1086	0.0	1018
SczhEnG_4129	scaffold7724.1|size9700	90.993	755	68	0	177	931	6176	6930	0.0	1018
SczhEnG_4129	scaffold7724.1|size9700	88.976	508	37	12	854	1345	9058	9562	4.15e-172	610
SczhEnG_4129	scaffold7724.1|size9700	95.870	339	14	0	1190	1528	9563	9901	9.19e-154	549
SczhEnG_4129	scaffold7724.1|size9700	94.203	276	15	1	1278	1553	3291	3565	7.51e-115	420
SczhEnG_4134	scaffold2305.1|size121121	100.000	34	0	0	34688	34721	46771	46738	2.99e-05	63.9
SczhEnG_4172	scaffold5461.1|size26884	100.000	36	0	0	152871	152906	23899	23864	3.09e-06	67.6
SczhEnG_4206	Smic.scaffold190|size891965	97.368	38	1	0	217940	217977	615939	615976	5.61e-06	65.8
SczhEnG_4207	scaffold3731.1|size51334	96.875	32	1	0	636	667	9555	9524	4.80e-05	54.7
SczhEnG_4209	scaffold249.1|size274694	90.909	44	2	2	212434	212475	9673	9630	2.36e-04	60.2
SczhEnG_4231	Smic.scaffold259|size756430	79.355	155	32	0	554771	554925	646880	647034	1.49e-18	110
SczhEnG_4255	Smic.scaffold1368|size161122	97.059	34	1	0	2520	2553	1683	1650	1.28e-05	58.4
SczhEnG_4270	scaffold7769.1|size9393	86.917	1307	125	21	243	1545	1087	2351	0.0	1426
SczhEnG_4270	scaffold7769.1|size9393	86.917	1307	125	22	243	1545	6758	8022	0.0	1426
SczhEnG_4270	scaffold7769.1|size9393	93.730	319	20	0	1630	1948	2397	2715	1.69e-132	479
SczhEnG_4270	scaffold7769.1|size9393	93.730	319	20	0	1630	1948	8068	8386	1.69e-132	479
SczhEnG_4270	scaffold7769.1|size9393	94.030	201	12	0	1861	2061	2717	2917	3.04e-80	305
SczhEnG_4270	scaffold7769.1|size9393	94.030	201	12	0	1861	2061	8388	8588	3.04e-80	305
SczhEnG_4270	scaffold7769.1|size9393	94.767	172	9	0	2130	2301	3146	3317	3.99e-69	268
SczhEnG_4270	scaffold7769.1|size9393	94.767	172	9	0	2130	2301	8817	8988	3.99e-69	268
SczhEnG_4270	scaffold7769.1|size9393	93.293	164	11	0	1947	2110	2919	3082	2.42e-61	243
SczhEnG_4270	scaffold7769.1|size9393	93.293	164	11	0	1947	2110	8590	8753	2.42e-61	243
SczhEnG_4273	Smic.scaffold1102|size245838	87.755	49	6	0	66569	66617	10865	10817	0.001	58.4
SczhEnG_4285	Smic.scaffold1174|size220157	100.000	29	0	0	14636	14664	100855	100827	7.58e-04	54.7
SczhEnG_4329	Smic.scaffold415|size576064	89.130	46	5	0	13032	13077	341702	341747	3.03e-04	58.4
SczhEnG_4355	scaffold3075.1|size64185	100.000	32	0	0	25305	25336	9217	9186	9.44e-05	60.2
SczhEnG_4358	scaffold7767.1|size9408	92.530	589	40	4	334	920	8892	8306	0.0	841
SczhEnG_4358	scaffold7767.1|size9408	92.449	437	29	4	486	920	7499	7065	6.95e-176	623
SczhEnG_4358	scaffold7767.1|size9408	92.627	434	28	4	489	920	1762	1331	2.50e-175	621
SczhEnG_4358	scaffold7767.1|size9408	84.783	552	62	7	1716	2267	691	162	3.35e-149	534
SczhEnG_4358	scaffold7767.1|size9408	84.783	552	62	7	1716	2267	6425	5896	3.35e-149	534
SczhEnG_4358	scaffold7767.1|size9408	91.277	321	26	2	169	488	9213	8894	9.72e-120	436
SczhEnG_4358	scaffold7767.1|size9408	89.542	306	32	0	1010	1315	1259	954	2.76e-105	388
SczhEnG_4358	scaffold7767.1|size9408	89.542	306	32	0	1010	1315	3368	3063	2.76e-105	388
SczhEnG_4358	scaffold7767.1|size9408	89.542	306	32	0	1010	1315	6993	6688	2.76e-105	388
SczhEnG_4358	scaffold7767.1|size9408	89.542	306	32	0	1010	1315	8234	7929	2.76e-105	388
SczhEnG_4358	scaffold7767.1|size9408	82.452	416	51	7	1760	2175	2916	2523	6.06e-92	344
SczhEnG_4358	scaffold7767.1|size9408	86.321	212	12	5	709	920	3634	3440	4.96e-53	215
SczhEnG_4392	Smic.scaffold631|size425338	96.970	33	1	0	8324	8356	180734	180702	7.75e-04	56.5
SczhEnG_4399	scaffold2982.1|size65969	100.000	30	0	0	56781	56810	65566	65595	8.69e-04	56.5
SczhEnG_4404	scaffold8230.1|size7169	96.468	453	15	1	87	538	2705	3157	0.0	747
SczhEnG_4404	scaffold8230.1|size7169	94.444	180	9	1	702	881	3354	3532	9.69e-72	276
SczhEnG_4404	scaffold8230.1|size7169	95.604	91	4	0	556	646	3251	3341	7.93e-33	147
SczhEnG_4404	scaffold8230.1|size7169	100.000	45	0	0	883	927	1	45	6.30e-14	84.2
