SczhEnG_191	scaffold5386.1|size30911	80.217	460	76	14	20041	20496	24111	23663	2.71e-87	331
SczhEnG_191	scaffold5386.1|size30911	90.840	131	11	1	11022	11151	22373	22243	4.83e-40	174
SczhEnG_270	scaffold6685.1|size41654	99.074	108	1	0	3429	3536	30812	30919	4.45e-47	195
SczhEnG_280	scaffold1899.1|size238565	69.988	823	237	10	3873	4690	75169	74352	4.88e-31	143
SczhEnG_280	scaffold1899.1|size238565	75.393	191	41	6	3873	4060	76662	76475	2.32e-14	87.9
SczhEnG_483	scaffold61392.1|size105	90.000	80	3	5	144619	144695	104	27	5.69e-16	99.0
SczhEnG_1004	scaffold7223.1|size20424	96.522	460	15	1	1646	2104	7293	7752	0.0	760
SczhEnG_1004	scaffold7223.1|size20424	96.241	133	2	3	1623	1752	7156	7288	2.14e-53	215
SczhEnG_1112	scaffold8286.1|size18106	95.714	70	3	0	12663	12732	17123	17192	5.10e-22	113
SczhEnG_1112	scaffold8286.1|size18106	95.714	70	3	0	12663	12732	18160	18229	5.10e-22	113
SczhEnG_1132	scaffold8101.1|size12358	89.666	329	31	3	1032	1360	8845	9170	5.45e-114	416
SczhEnG_1132	scaffold8101.1|size12358	83.462	260	35	5	1233	1488	9172	9427	1.64e-59	235
SczhEnG_1323	scaffold7872.1|size8912	98.148	54	1	0	315	368	531	584	2.14e-17	95.3
SczhEnG_1323	scaffold7872.1|size8912	98.148	54	1	0	315	368	627	680	2.14e-17	95.3
SczhEnG_1323	scaffold7872.1|size8912	98.148	54	1	0	315	368	3970	4023	2.14e-17	95.3
SczhEnG_1323	scaffold7872.1|size8912	98.148	54	1	0	315	368	5999	6052	2.14e-17	95.3
SczhEnG_1323	scaffold7872.1|size8912	98.148	54	1	0	315	368	6095	6148	2.14e-17	95.3
SczhEnG_1429	scaffold7872.1|size8912	96.330	109	4	0	612	720	627	735	6.48e-43	180
SczhEnG_1429	scaffold7872.1|size8912	96.330	109	4	0	612	720	3970	4078	6.48e-43	180
SczhEnG_1429	scaffold7872.1|size8912	96.330	109	4	0	612	720	6095	6203	6.48e-43	180
SczhEnG_1429	scaffold7872.1|size8912	96.250	80	3	0	612	691	531	610	1.84e-28	132
SczhEnG_1429	scaffold7872.1|size8912	96.250	80	3	0	612	691	5999	6078	1.84e-28	132
SczhEnG_1446	scaffold4826.1|size34275	73.717	643	147	15	1059	1692	4386	5015	3.62e-58	231
SczhEnG_1713	scaffold24816.1|size433	80.074	271	45	9	5779	6044	167	433	4.14e-46	193
SczhEnG_1873	scaffold9461.1|size9599	91.379	58	4	1	960	1017	6186	6242	1.24e-12	78.7
SczhEnG_2032	scaffold1693.1|size105633	97.826	46	1	0	40744	40789	26207	26162	7.10e-11	80.5
SczhEnG_2099	scaffold4969.1|size69705	86.577	149	14	4	5202	5347	13991	14136	2.34e-36	159
SczhEnG_2143	scaffold8153.1|size7498	89.454	1081	91	8	174	1250	1593	532	0.0	1343
SczhEnG_2143	scaffold8153.1|size7498	89.454	1081	91	8	174	1250	7591	6530	0.0	1343
SczhEnG_2143	scaffold8153.1|size7498	93.435	655	43	0	596	1250	3389	2735	0.0	972
SczhEnG_2143	scaffold8153.1|size7498	89.062	128	13	1	291	417	3518	3391	2.04e-36	158
SczhEnG_2183	scaffold5386.1|size30911	92.912	1312	68	9	4930	6236	28628	29919	0.0	1886
SczhEnG_2183	scaffold5386.1|size30911	93.071	534	27	6	8101	8629	22702	23230	0.0	785
SczhEnG_2183	scaffold5386.1|size30911	95.208	313	15	0	8902	9214	23523	23835	4.09e-141	514
SczhEnG_2183	scaffold5386.1|size30911	90.260	308	28	2	3806	4112	27218	27524	3.32e-107	401
SczhEnG_2183	scaffold5386.1|size30911	87.395	238	28	2	6455	6691	20357	20593	2.72e-68	272
SczhEnG_2183	scaffold5386.1|size30911	84.490	245	29	4	6455	6691	30128	30371	3.57e-57	235
SczhEnG_2183	scaffold5386.1|size30911	88.506	174	20	0	2213	2386	23807	23980	1.66e-55	230
SczhEnG_2183	scaffold5386.1|size30911	98.230	113	2	0	4515	4627	28166	28278	4.68e-46	198
SczhEnG_2183	scaffold5386.1|size30911	100.000	54	0	0	939	992	28129	28182	1.36e-16	100
SczhEnG_2183	scaffold5386.1|size30911	85.714	84	12	0	6153	6236	20065	20148	2.94e-13	89.8
SczhEnG_2242	scaffold8101.1|size12358	90.130	385	23	7	182	554	7231	7612	2.61e-135	486
SczhEnG_2252	scaffold61392.1|size105	89.041	73	4	4	39741	39811	31	101	2.90e-13	87.9
SczhEnG_2336	scaffold11468.1|size9254	98.969	97	0	1	2570	2666	6801	6706	4.91e-40	172
SczhEnG_2353	scaffold8198.1|size7337	92.791	971	68	2	248	1217	3543	4512	0.0	1404
SczhEnG_2353	scaffold8198.1|size7337	93.388	242	16	0	891	1132	384	625	8.23e-97	359
SczhEnG_2353	scaffold8198.1|size7337	93.388	242	16	0	891	1132	6153	6394	8.23e-97	359
SczhEnG_2353	scaffold8198.1|size7337	94.500	200	11	0	166	365	3342	3541	8.40e-82	309
SczhEnG_2353	scaffold8198.1|size7337	93.500	200	10	2	1053	1251	615	812	2.35e-77	294
SczhEnG_2353	scaffold8198.1|size7337	92.647	204	15	0	1255	1458	982	1185	2.35e-77	294
SczhEnG_2353	scaffold8198.1|size7337	93.500	200	10	2	1053	1251	6384	6581	2.35e-77	294
SczhEnG_2353	scaffold8198.1|size7337	92.647	204	15	0	1255	1458	6751	6954	2.35e-77	294
SczhEnG_2353	scaffold8198.1|size7337	90.640	203	19	0	1321	1523	1187	1389	3.97e-70	270
SczhEnG_2353	scaffold8198.1|size7337	90.640	203	19	0	1321	1523	6956	7158	3.97e-70	270
SczhEnG_2353	scaffold8198.1|size7337	94.253	174	10	0	776	949	207	380	5.13e-69	267
SczhEnG_2353	scaffold8198.1|size7337	94.253	174	10	0	776	949	5976	6149	5.13e-69	267
SczhEnG_2411	scaffold4998.1|size31953	99.310	1450	9	1	1	1450	3669	2221	0.0	2621
SczhEnG_2411	scaffold4998.1|size31953	94.419	215	10	2	1564	1777	7496	7709	5.50e-88	329
SczhEnG_2411	scaffold4998.1|size31953	84.615	78	10	2	1587	1664	7562	7637	7.91e-12	76.8
SczhEnG_2655	scaffold4969.1|size69705	96.093	691	25	2	7970	8659	27990	27301	0.0	1125
SczhEnG_2978	scaffold61392.1|size105	88.889	81	4	5	302830	302908	103	26	1.24e-14	95.3
SczhEnG_2978	scaffold61392.1|size105	89.189	74	4	4	764255	764326	103	32	5.77e-13	89.8
SczhEnG_2978	scaffold61392.1|size105	87.838	74	5	4	761402	761473	103	32	2.69e-11	84.2
SczhEnG_2998	scaffold6672.1|size41386	98.030	1421	28	0	5421	6841	22824	21404	0.0	2470
SczhEnG_2998	scaffold6672.1|size41386	98.113	795	14	1	5421	6214	24578	23784	0.0	1384
SczhEnG_2998	scaffold6672.1|size41386	97.602	417	9	1	6072	6488	23781	23366	0.0	713
SczhEnG_3253	scaffold5386.1|size30911	86.316	95	13	0	563905	563999	29766	29672	1.20e-17	104
SczhEnG_3284	scaffold7223.1|size20424	81.915	282	42	1	1222	1494	13303	13584	7.28e-58	230
SczhEnG_3284	scaffold7223.1|size20424	81.915	282	42	1	1222	1494	15466	15747	7.28e-58	230
SczhEnG_3284	scaffold7223.1|size20424	81.915	282	42	1	1222	1494	18998	19279	7.28e-58	230
SczhEnG_3309	scaffold3929.1|size57123	86.547	223	26	4	482	701	5260	5039	6.88e-62	243
SczhEnG_3323	scaffold3736.1|size51197	79.703	202	40	1	222291	222491	25786	25585	4.36e-30	145
SczhEnG_3398	scaffold7963.1|size8410	100.000	47	0	0	3323	3369	6954	6908	7.03e-15	87.9
SczhEnG_3525	scaffold8332.1|size6794	96.499	657	23	0	289	945	171	827	0.0	1086
SczhEnG_3525	scaffold8332.1|size6794	96.499	657	23	0	289	945	5961	6617	0.0	1086
SczhEnG_3525	scaffold8332.1|size6794	97.521	121	3	0	825	945	2782	2902	1.82e-51	207
SczhEnG_3646	scaffold7769.1|size9393	91.568	759	64	0	95	853	310	1068	0.0	1048
SczhEnG_3646	scaffold7769.1|size9393	91.803	366	24	6	760	1122	3334	3696	8.30e-141	505
SczhEnG_3646	scaffold7769.1|size9393	91.803	366	24	6	760	1122	9005	9367	8.30e-141	505
SczhEnG_3738	scaffold7592.1|size12598	93.492	461	28	2	1575	2034	5895	5436	0.0	684
SczhEnG_3738	scaffold7592.1|size12598	93.492	461	28	2	1575	2034	11737	11278	0.0	684
SczhEnG_3738	scaffold7592.1|size12598	93.217	457	29	2	1575	2030	2183	1728	0.0	671
SczhEnG_3738	scaffold7592.1|size12598	92.705	329	21	3	1707	2034	482	156	1.15e-130	472
SczhEnG_3738	scaffold7592.1|size12598	87.123	365	33	8	619	976	8800	8443	1.53e-109	401
SczhEnG_3738	scaffold7592.1|size12598	87.915	331	37	3	993	1323	2542	2215	4.28e-105	387
SczhEnG_3738	scaffold7592.1|size12598	82.864	391	32	14	1112	1492	6255	5890	1.58e-84	318
SczhEnG_3738	scaffold7592.1|size12598	82.864	391	32	14	1112	1492	12097	11732	1.58e-84	318
SczhEnG_3738	scaffold7592.1|size12598	91.608	143	12	0	619	761	6476	6334	2.15e-48	198
SczhEnG_3738	scaffold7592.1|size12598	91.608	143	12	0	619	761	12318	12176	2.15e-48	198
SczhEnG_3738	scaffold7592.1|size12598	97.872	47	1	0	1446	1492	2224	2178	2.26e-13	82.4
SczhEnG_3860	scaffold10976.1|size7142	90.049	814	63	11	1136	1935	4517	3708	0.0	1038
SczhEnG_3860	scaffold10976.1|size7142	87.571	531	57	8	896	1422	872	347	8.03e-172	608
SczhEnG_3860	scaffold10976.1|size7142	87.571	531	57	8	896	1422	6828	6303	8.03e-172	608
SczhEnG_3860	scaffold10976.1|size7142	85.870	368	29	11	573	939	4898	4553	4.12e-100	370
SczhEnG_3860	scaffold10976.1|size7142	88.561	271	30	1	1798	2067	3716	3446	2.52e-87	327
SczhEnG_3860	scaffold10976.1|size7142	82.891	339	21	18	496	829	1343	1037	4.30e-70	270
SczhEnG_3860	scaffold10976.1|size7142	82.891	339	21	18	496	829	7299	6993	4.30e-70	270
SczhEnG_3860	scaffold10976.1|size7142	93.333	150	10	0	281	430	1493	1344	1.22e-55	222
SczhEnG_3860	scaffold10976.1|size7142	93.333	150	10	0	281	430	7449	7300	1.22e-55	222
SczhEnG_3860	scaffold10976.1|size7142	94.444	72	4	0	168	239	1565	1494	2.76e-22	111
SczhEnG_3860	scaffold10976.1|size7142	94.444	72	4	0	168	239	7521	7450	2.76e-22	111
SczhEnG_3860	scaffold10976.1|size7142	96.552	58	2	0	882	939	928	871	7.73e-18	97.1
SczhEnG_3860	scaffold10976.1|size7142	96.552	58	2	0	882	939	6884	6827	7.73e-18	97.1
SczhEnG_3916	scaffold7764.1|size9425	92.222	90	6	1	27979	28067	2290	2201	6.21e-25	126
SczhEnG_4071	scaffold7719.1|size11670	88.388	732	47	20	801	1517	1213	1921	0.0	846
SczhEnG_4071	scaffold7719.1|size11670	86.997	746	45	24	801	1517	6514	7236	0.0	793
SczhEnG_4071	scaffold7719.1|size11670	88.331	617	46	15	916	1517	10312	10917	0.0	717
SczhEnG_4071	scaffold7719.1|size11670	87.612	557	43	15	976	1517	8212	8757	3.22e-176	623
SczhEnG_4071	scaffold7719.1|size11670	87.984	258	9	9	801	1050	4229	4472	1.72e-74	285
SczhEnG_4071	scaffold7719.1|size11670	85.816	282	19	8	91	371	5795	6056	8.02e-73	279
SczhEnG_4071	scaffold7719.1|size11670	95.425	153	4	3	402	553	6087	6237	3.79e-61	241
SczhEnG_4071	scaffold7719.1|size11670	89.000	200	10	6	1845	2044	2197	2384	4.90e-60	237
SczhEnG_4071	scaffold7719.1|size11670	89.000	200	10	6	1845	2044	7512	7699	4.90e-60	237
SczhEnG_4071	scaffold7719.1|size11670	89.000	200	10	6	1845	2044	9033	9220	4.90e-60	237
SczhEnG_4071	scaffold7719.1|size11670	89.000	200	10	6	1845	2044	11193	11380	4.90e-60	237
SczhEnG_4071	scaffold7719.1|size11670	81.288	326	30	17	2135	2435	2544	2863	1.76e-59	235
SczhEnG_4071	scaffold7719.1|size11670	81.288	326	30	17	2135	2435	7859	8178	1.76e-59	235
SczhEnG_4071	scaffold7719.1|size11670	81.818	220	18	6	153	371	3816	4014	2.34e-38	165
SczhEnG_4071	scaffold7719.1|size11670	94.845	97	5	0	1599	1695	1958	2054	1.83e-34	152
SczhEnG_4071	scaffold7719.1|size11670	94.845	97	5	0	1599	1695	7273	7369	1.83e-34	152
SczhEnG_4071	scaffold7719.1|size11670	94.845	97	5	0	1599	1695	8794	8890	1.83e-34	152
SczhEnG_4071	scaffold7719.1|size11670	94.845	97	5	0	1599	1695	10954	11050	1.83e-34	152
SczhEnG_4071	scaffold7719.1|size11670	95.946	74	3	0	2135	2208	9511	9584	5.15e-25	121
SczhEnG_4071	scaffold7719.1|size11670	90.805	87	6	2	1347	1431	9	95	2.39e-23	115
SczhEnG_4071	scaffold7719.1|size11670	94.286	70	4	0	1094	1163	4471	4540	4.01e-21	108
SczhEnG_4071	scaffold7719.1|size11670	92.105	76	5	1	634	708	6249	6324	1.44e-20	106
SczhEnG_4071	scaffold7719.1|size11670	92.424	66	4	1	1599	1663	198	263	1.12e-16	93.5
SczhEnG_4071	scaffold7719.1|size11670	86.022	93	1	5	801	893	6407	6487	1.45e-15	89.8
SczhEnG_4071	scaffold7719.1|size11670	91.935	62	4	1	648	708	1069	1130	1.88e-14	86.1
SczhEnG_4071	scaffold7719.1|size11670	97.727	44	1	0	402	445	4141	4184	1.13e-11	76.8
SczhEnG_4129	scaffold7724.1|size9700	90.993	755	68	0	177	931	332	1086	0.0	1018
SczhEnG_4129	scaffold7724.1|size9700	90.993	755	68	0	177	931	6176	6930	0.0	1018
SczhEnG_4129	scaffold7724.1|size9700	88.976	508	37	12	854	1345	9058	9562	1.79e-172	610
SczhEnG_4129	scaffold7724.1|size9700	95.870	339	14	0	1190	1528	9563	9901	3.95e-154	549
SczhEnG_4129	scaffold7724.1|size9700	94.203	276	15	1	1278	1553	3291	3565	3.23e-115	420
SczhEnG_4270	scaffold7769.1|size9393	86.917	1307	125	21	243	1545	1087	2351	0.0	1426
SczhEnG_4270	scaffold7769.1|size9393	86.917	1307	125	22	243	1545	6758	8022	0.0	1426
SczhEnG_4270	scaffold7769.1|size9393	93.730	319	20	0	1630	1948	2397	2715	7.27e-133	479
SczhEnG_4270	scaffold7769.1|size9393	93.730	319	20	0	1630	1948	8068	8386	7.27e-133	479
SczhEnG_4270	scaffold7769.1|size9393	94.030	201	12	0	1861	2061	2717	2917	1.31e-80	305
SczhEnG_4270	scaffold7769.1|size9393	94.030	201	12	0	1861	2061	8388	8588	1.31e-80	305
SczhEnG_4270	scaffold7769.1|size9393	94.767	172	9	0	2130	2301	3146	3317	1.71e-69	268
SczhEnG_4270	scaffold7769.1|size9393	94.767	172	9	0	2130	2301	8817	8988	1.71e-69	268
SczhEnG_4270	scaffold7769.1|size9393	93.293	164	11	0	1947	2110	2919	3082	1.04e-61	243
SczhEnG_4270	scaffold7769.1|size9393	93.293	164	11	0	1947	2110	8590	8753	1.04e-61	243
SczhEnG_4358	scaffold7767.1|size9408	92.530	589	40	4	334	920	8892	8306	0.0	841
SczhEnG_4358	scaffold7767.1|size9408	92.449	437	29	4	486	920	7499	7065	2.99e-176	623
SczhEnG_4358	scaffold7767.1|size9408	92.627	434	28	4	489	920	1762	1331	1.07e-175	621
SczhEnG_4358	scaffold7767.1|size9408	84.783	552	62	7	1716	2267	691	162	1.44e-149	534
SczhEnG_4358	scaffold7767.1|size9408	84.783	552	62	7	1716	2267	6425	5896	1.44e-149	534
SczhEnG_4358	scaffold7767.1|size9408	91.277	321	26	2	169	488	9213	8894	4.18e-120	436
SczhEnG_4358	scaffold7767.1|size9408	89.542	306	32	0	1010	1315	1259	954	1.19e-105	388
SczhEnG_4358	scaffold7767.1|size9408	89.542	306	32	0	1010	1315	3368	3063	1.19e-105	388
SczhEnG_4358	scaffold7767.1|size9408	89.542	306	32	0	1010	1315	6993	6688	1.19e-105	388
SczhEnG_4358	scaffold7767.1|size9408	89.542	306	32	0	1010	1315	8234	7929	1.19e-105	388
SczhEnG_4358	scaffold7767.1|size9408	82.452	416	51	7	1760	2175	2916	2523	2.60e-92	344
SczhEnG_4358	scaffold7767.1|size9408	86.321	212	12	5	709	920	3634	3440	2.13e-53	215
SczhEnG_4404	scaffold8230.1|size7169	96.468	453	15	1	87	538	2705	3157	0.0	747
SczhEnG_4404	scaffold8230.1|size7169	94.444	180	9	1	702	881	3354	3532	4.17e-72	276
SczhEnG_4404	scaffold8230.1|size7169	95.604	91	4	0	556	646	3251	3341	3.41e-33	147
SczhEnG_4404	scaffold8230.1|size7169	100.000	45	0	0	883	927	1	45	2.71e-14	84.2
