SczhEnG_10	scaffold3284.1|size59805	92.105	38	3	0	334560	334597	5267	5230	0.017	54.7
SczhEnG_13	scaffold3031.1|size66479	100.000	30	0	0	115477	115506	54932	54961	0.001	56.5
SczhEnG_74	scaffold311.1|size231230	100.000	28	0	0	635394	635421	7197	7224	0.050	52.8
SczhEnG_78	scaffold69.1|size353428	97.500	40	1	0	210083	210122	321083	321044	3.01e-07	69.4
SczhEnG_85	scaffold750.1|size323489	100.000	29	0	0	194897	194925	250370	250342	0.012	54.7
SczhEnG_99	scaffold3736.1|size51197	100.000	30	0	0	598664	598693	31760	31789	0.005	56.5
SczhEnG_141	scaffold1557.1|size112825	97.143	35	1	0	49522	49556	72407	72373	1.36e-04	60.2
SczhEnG_141	scaffold1557.1|size112825	97.143	35	1	0	49522	49556	73866	73832	1.36e-04	60.2
SczhEnG_142	scaffold31.1|size418471	94.286	35	2	0	1032716	1032750	244656	244690	0.027	54.7
SczhEnG_191	scaffold5386.1|size30911	80.217	460	76	14	20041	20496	24111	23663	2.71e-87	331
SczhEnG_191	scaffold5386.1|size30911	90.840	131	11	1	11022	11151	22373	22243	4.83e-40	174
SczhEnG_200	scaffold1561.1|size111715	100.000	28	0	0	115781	115808	35636	35609	0.014	52.8
SczhEnG_205	scaffold5055.1|size50094	97.674	43	1	0	239237	239279	8596	8638	7.84e-09	75.0
SczhEnG_205	scaffold5055.1|size50094	100.000	37	0	0	239237	239273	8605	8641	3.65e-07	69.4
SczhEnG_205	scaffold5055.1|size50094	92.683	41	3	0	239239	239279	8589	8629	2.19e-04	60.2
SczhEnG_205	scaffold5055.1|size50094	97.059	34	1	0	239237	239270	8614	8647	7.89e-04	58.4
SczhEnG_229	scaffold7924.1|size8667	100.000	28	0	0	325593	325620	8613	8586	0.032	52.8
SczhEnG_241	scaffold502.1|size262339	94.595	37	0	2	710	744	203777	203813	8.02e-06	56.5
SczhEnG_254	scaffold4573.1|size40165	91.667	48	4	0	1274929	1274976	18364	18317	3.81e-06	67.6
SczhEnG_270	scaffold6685.1|size41654	99.074	108	1	0	3429	3536	30812	30919	4.45e-47	195
SczhEnG_280	scaffold1899.1|size238565	69.988	823	237	10	3873	4690	75169	74352	4.88e-31	143
SczhEnG_280	scaffold1899.1|size238565	75.393	191	41	6	3873	4060	76662	76475	2.32e-14	87.9
SczhEnG_293	scaffold1365.1|size229487	100.000	28	0	0	66920	66947	187083	187056	0.027	52.8
SczhEnG_307	scaffold3601.1|size53442	84.507	71	8	2	168	235	29753	29823	2.72e-09	67.6
SczhEnG_307	scaffold3601.1|size53442	100.000	28	0	0	13	40	29598	29625	7.62e-05	52.8
SczhEnG_310	scaffold4474.1|size39271	92.683	41	3	0	674068	674108	26944	26904	3.54e-04	60.2
SczhEnG_333	scaffold7348.1|size11786	100.000	29	0	0	60604	60632	2228	2256	0.003	54.7
SczhEnG_382	scaffold5386.1|size30911	82.716	81	12	2	13965	14044	27506	27585	1.56e-08	71.3
SczhEnG_400	scaffold1317.1|size125501	92.105	38	3	0	247199	247236	57368	57331	0.009	54.7
SczhEnG_412	scaffold1526.1|size113566	94.444	36	2	0	36354	36389	58484	58519	4.93e-04	56.5
SczhEnG_425	scaffold3740.1|size70006	96.774	31	1	0	200811	200841	18852	18882	0.017	52.8
SczhEnG_443	scaffold3442.1|size104216	76.355	203	35	6	1909	2107	36221	36028	7.95e-22	115
SczhEnG_462	scaffold55.1|size374282	97.059	34	1	0	352089	352122	238359	238326	7.48e-04	58.4
SczhEnG_483	scaffold61392.1|size105	90.000	80	3	5	144619	144695	104	27	5.69e-16	99.0
SczhEnG_488	scaffold254.1|size251309	100.000	28	0	0	70199	70226	181557	181530	0.010	52.8
SczhEnG_532	scaffold6483.1|size19390	92.683	41	2	1	90310	90350	17730	17769	1.50e-04	60.2
SczhEnG_538	scaffold3432.1|size56802	96.875	32	1	0	1943938	1943969	4963	4994	0.046	54.7
SczhEnG_547	scaffold1785.1|size101431	94.286	35	2	0	157791	157825	78523	78557	0.006	54.7
SczhEnG_559	scaffold3664.1|size52381	97.143	35	0	1	9027	9061	52325	52292	7.03e-05	58.4
SczhEnG_627	scaffold3601.1|size53442	100.000	28	0	0	116616	116643	14008	14035	0.018	52.8
SczhEnG_634	scaffold2377.1|size157712	96.970	33	1	0	90412	90444	133182	133214	5.43e-04	56.5
SczhEnG_655	scaffold2733.1|size72009	100.000	31	0	0	485261	485291	17455	17425	0.001	58.4
SczhEnG_750	scaffold3759.1|size89661	100.000	28	0	0	376777	376804	14628	14601	0.046	52.8
SczhEnG_847	scaffold741.1|size166877	100.000	29	0	0	8928	8956	129193	129221	3.09e-04	54.7
SczhEnG_847	scaffold741.1|size166877	100.000	29	0	0	8928	8956	129229	129257	3.09e-04	54.7
SczhEnG_853	scaffold321.1|size229442	97.059	34	1	0	11542	11575	372	405	2.07e-05	58.4
SczhEnG_853	scaffold321.1|size229442	100.000	30	0	0	11546	11575	382	411	7.44e-05	56.5
SczhEnG_853	scaffold321.1|size229442	100.000	30	0	0	11546	11575	388	417	7.44e-05	56.5
SczhEnG_853	scaffold321.1|size229442	100.000	30	0	0	11546	11575	394	423	7.44e-05	56.5
SczhEnG_853	scaffold321.1|size229442	100.000	30	0	0	11546	11575	400	429	7.44e-05	56.5
SczhEnG_862	scaffold1938.1|size102858	100.000	31	0	0	382368	382398	74172	74142	0.001	58.4
SczhEnG_874	scaffold3232.1|size62355	97.059	34	1	0	24697	24730	45704	45737	6.16e-04	58.4
SczhEnG_880	scaffold6183.1|size20250	100.000	29	0	0	201745	201773	669	641	0.008	54.7
SczhEnG_955	scaffold861.1|size176854	100.000	34	0	0	88958	88991	82651	82618	4.89e-06	63.9
SczhEnG_955	scaffold861.1|size176854	100.000	34	0	0	88958	88991	82660	82627	4.89e-06	63.9
SczhEnG_955	scaffold861.1|size176854	100.000	33	0	0	88958	88990	82642	82610	1.76e-05	62.1
SczhEnG_955	scaffold861.1|size176854	100.000	29	0	0	88963	88991	82664	82636	0.003	54.7
SczhEnG_957	scaffold2866.1|size70932	100.000	28	0	0	70264	70291	56819	56846	0.017	52.8
SczhEnG_981	scaffold839.1|size158637	100.000	28	0	0	1078	1105	5875	5902	2.05e-04	52.8
SczhEnG_1004	scaffold7223.1|size20424	96.522	460	15	1	1646	2104	7293	7752	0.0	760
SczhEnG_1004	scaffold7223.1|size20424	96.241	133	2	3	1623	1752	7156	7288	2.14e-53	215
SczhEnG_1030	scaffold1403.1|size153157	96.875	32	1	0	861355	861386	77551	77582	0.025	54.7
SczhEnG_1046	scaffold1012.1|size144332	100.000	29	0	0	28263	28291	54130	54102	0.002	54.7
SczhEnG_1067	scaffold34.1|size402451	92.683	41	0	3	203338	203376	40187	40148	0.002	56.5
SczhEnG_1081	scaffold4871.1|size33645	100.000	29	0	0	33497	33525	10149	10177	0.001	54.7
SczhEnG_1101	scaffold13.1|size649204	97.143	35	0	1	18412	18445	616049	616083	3.50e-05	58.4
SczhEnG_1112	scaffold8286.1|size18106	95.714	70	3	0	12663	12732	17123	17192	5.10e-22	113
SczhEnG_1112	scaffold8286.1|size18106	95.714	70	3	0	12663	12732	18160	18229	5.10e-22	113
SczhEnG_1121	scaffold155.1|size293413	96.875	32	1	0	505870	505901	57415	57446	0.012	54.7
SczhEnG_1132	scaffold8101.1|size12358	89.666	329	31	3	1032	1360	8845	9170	5.45e-114	416
SczhEnG_1132	scaffold8101.1|size12358	83.462	260	35	5	1233	1488	9172	9427	1.64e-59	235
SczhEnG_1137	scaffold5551.1|size25952	97.059	34	0	1	326158	326190	6972	6939	0.003	56.5
SczhEnG_1137	scaffold5551.1|size25952	97.059	34	0	1	326158	326190	7068	7035	0.003	56.5
SczhEnG_1137	scaffold5551.1|size25952	96.970	33	0	1	326158	326189	6600	6568	0.012	54.7
SczhEnG_1137	scaffold5551.1|size25952	96.970	33	0	1	326158	326189	6606	6574	0.012	54.7
SczhEnG_1137	scaffold5551.1|size25952	96.970	33	0	1	326158	326189	6612	6580	0.012	54.7
SczhEnG_1137	scaffold5551.1|size25952	96.970	33	0	1	326158	326189	6618	6586	0.012	54.7
SczhEnG_1137	scaffold5551.1|size25952	96.970	33	0	1	326158	326189	6624	6592	0.012	54.7
SczhEnG_1137	scaffold5551.1|size25952	96.970	33	0	1	326158	326189	6630	6598	0.012	54.7
SczhEnG_1137	scaffold5551.1|size25952	96.970	33	0	1	326158	326189	6636	6604	0.012	54.7
SczhEnG_1137	scaffold5551.1|size25952	96.970	33	0	1	326158	326189	6642	6610	0.012	54.7
SczhEnG_1137	scaffold5551.1|size25952	96.970	33	0	1	326158	326189	6648	6616	0.012	54.7
SczhEnG_1137	scaffold5551.1|size25952	96.970	33	0	1	326158	326189	6654	6622	0.012	54.7
SczhEnG_1137	scaffold5551.1|size25952	96.970	33	0	1	326158	326189	6660	6628	0.012	54.7
SczhEnG_1137	scaffold5551.1|size25952	96.970	33	0	1	326158	326189	6666	6634	0.012	54.7
SczhEnG_1137	scaffold5551.1|size25952	96.970	33	0	1	326158	326189	6672	6640	0.012	54.7
SczhEnG_1137	scaffold5551.1|size25952	96.970	33	0	1	326158	326189	6678	6646	0.012	54.7
SczhEnG_1137	scaffold5551.1|size25952	96.970	33	0	1	326158	326189	6684	6652	0.012	54.7
SczhEnG_1137	scaffold5551.1|size25952	96.970	33	0	1	326158	326189	6690	6658	0.012	54.7
SczhEnG_1137	scaffold5551.1|size25952	96.970	33	0	1	326158	326189	6696	6664	0.012	54.7
SczhEnG_1137	scaffold5551.1|size25952	96.970	33	0	1	326158	326189	6702	6670	0.012	54.7
SczhEnG_1137	scaffold5551.1|size25952	96.970	33	0	1	326158	326189	6708	6676	0.012	54.7
SczhEnG_1137	scaffold5551.1|size25952	96.970	33	0	1	326158	326189	6714	6682	0.012	54.7
SczhEnG_1137	scaffold5551.1|size25952	96.970	33	0	1	326158	326189	6720	6688	0.012	54.7
SczhEnG_1137	scaffold5551.1|size25952	96.970	33	0	1	326158	326189	6726	6694	0.012	54.7
SczhEnG_1137	scaffold5551.1|size25952	96.970	33	0	1	326158	326189	6732	6700	0.012	54.7
SczhEnG_1137	scaffold5551.1|size25952	96.970	33	0	1	326158	326189	6738	6706	0.012	54.7
SczhEnG_1137	scaffold5551.1|size25952	96.970	33	0	1	326158	326189	6744	6712	0.012	54.7
SczhEnG_1137	scaffold5551.1|size25952	96.970	33	0	1	326158	326189	6750	6718	0.012	54.7
SczhEnG_1137	scaffold5551.1|size25952	96.970	33	0	1	326158	326189	6756	6724	0.012	54.7
SczhEnG_1137	scaffold5551.1|size25952	96.970	33	0	1	326158	326189	6762	6730	0.012	54.7
SczhEnG_1137	scaffold5551.1|size25952	96.970	33	0	1	326158	326189	6768	6736	0.012	54.7
SczhEnG_1137	scaffold5551.1|size25952	96.970	33	0	1	326158	326189	6774	6742	0.012	54.7
SczhEnG_1137	scaffold5551.1|size25952	96.970	33	0	1	326158	326189	6780	6748	0.012	54.7
SczhEnG_1137	scaffold5551.1|size25952	96.970	33	0	1	326158	326189	6786	6754	0.012	54.7
SczhEnG_1137	scaffold5551.1|size25952	96.970	33	0	1	326158	326189	6792	6760	0.012	54.7
SczhEnG_1137	scaffold5551.1|size25952	96.970	33	0	1	326158	326189	6798	6766	0.012	54.7
SczhEnG_1137	scaffold5551.1|size25952	96.970	33	0	1	326158	326189	6804	6772	0.012	54.7
SczhEnG_1137	scaffold5551.1|size25952	96.970	33	0	1	326158	326189	6810	6778	0.012	54.7
SczhEnG_1137	scaffold5551.1|size25952	96.970	33	0	1	326158	326189	6816	6784	0.012	54.7
SczhEnG_1137	scaffold5551.1|size25952	96.970	33	0	1	326158	326189	6822	6790	0.012	54.7
SczhEnG_1137	scaffold5551.1|size25952	96.970	33	0	1	326158	326189	6828	6796	0.012	54.7
SczhEnG_1137	scaffold5551.1|size25952	96.970	33	0	1	326158	326189	6834	6802	0.012	54.7
SczhEnG_1137	scaffold5551.1|size25952	96.970	33	0	1	326158	326189	6840	6808	0.012	54.7
SczhEnG_1137	scaffold5551.1|size25952	96.970	33	0	1	326158	326189	6846	6814	0.012	54.7
SczhEnG_1137	scaffold5551.1|size25952	96.970	33	0	1	326158	326189	6852	6820	0.012	54.7
SczhEnG_1137	scaffold5551.1|size25952	96.970	33	0	1	326158	326189	6858	6826	0.012	54.7
SczhEnG_1137	scaffold5551.1|size25952	96.970	33	0	1	326158	326189	6864	6832	0.012	54.7
SczhEnG_1137	scaffold5551.1|size25952	96.970	33	0	1	326158	326189	6870	6838	0.012	54.7
SczhEnG_1137	scaffold5551.1|size25952	96.970	33	0	1	326158	326189	6876	6844	0.012	54.7
SczhEnG_1137	scaffold5551.1|size25952	96.970	33	0	1	326158	326189	6882	6850	0.012	54.7
SczhEnG_1137	scaffold5551.1|size25952	96.970	33	0	1	326158	326189	6888	6856	0.012	54.7
SczhEnG_1137	scaffold5551.1|size25952	96.970	33	0	1	326158	326189	6894	6862	0.012	54.7
SczhEnG_1137	scaffold5551.1|size25952	96.970	33	0	1	326158	326189	6900	6868	0.012	54.7
SczhEnG_1137	scaffold5551.1|size25952	96.970	33	0	1	326158	326189	6906	6874	0.012	54.7
SczhEnG_1137	scaffold5551.1|size25952	96.970	33	0	1	326158	326189	6912	6880	0.012	54.7
SczhEnG_1137	scaffold5551.1|size25952	96.970	33	0	1	326158	326189	7074	7042	0.012	54.7
SczhEnG_1137	scaffold5551.1|size25952	96.970	33	0	1	326158	326189	7080	7048	0.012	54.7
SczhEnG_1137	scaffold5551.1|size25952	96.970	33	0	1	326158	326189	7086	7054	0.012	54.7
SczhEnG_1137	scaffold5551.1|size25952	96.970	33	0	1	326158	326189	7092	7060	0.012	54.7
SczhEnG_1137	scaffold5551.1|size25952	96.970	33	0	1	326158	326189	7098	7066	0.012	54.7
SczhEnG_1137	scaffold5551.1|size25952	96.970	33	0	1	326158	326189	7104	7072	0.012	54.7
SczhEnG_1137	scaffold5551.1|size25952	96.970	33	0	1	326158	326189	7110	7078	0.012	54.7
SczhEnG_1137	scaffold5551.1|size25952	96.970	33	0	1	326158	326189	7116	7084	0.012	54.7
SczhEnG_1137	scaffold5551.1|size25952	96.970	33	0	1	326158	326189	7122	7090	0.012	54.7
SczhEnG_1137	scaffold5551.1|size25952	96.970	33	0	1	326158	326189	7128	7096	0.012	54.7
SczhEnG_1137	scaffold5551.1|size25952	96.970	33	0	1	326158	326189	7134	7102	0.012	54.7
SczhEnG_1146	scaffold3543.1|size54354	100.000	30	0	0	104273	104302	13553	13582	0.001	56.5
SczhEnG_1180	scaffold1201.1|size131815	94.595	37	2	0	29201	29237	13786	13822	6.22e-04	58.4
SczhEnG_1227	scaffold1323.1|size125372	96.875	32	1	0	159513	159544	78373	78342	0.003	54.7
SczhEnG_1239	scaffold4875.1|size33575	100.000	28	0	0	4524	4551	31490	31463	0.006	52.8
SczhEnG_1249	scaffold5006.1|size33048	81.928	83	13	2	327057	327138	24858	24939	5.48e-07	69.4
SczhEnG_1301	scaffold868.1|size293455	100.000	28	0	0	186331	186358	193906	193879	0.023	52.8
SczhEnG_1323	scaffold7872.1|size8912	98.148	54	1	0	315	368	531	584	2.14e-17	95.3
SczhEnG_1323	scaffold7872.1|size8912	98.148	54	1	0	315	368	627	680	2.14e-17	95.3
SczhEnG_1323	scaffold7872.1|size8912	98.148	54	1	0	315	368	3970	4023	2.14e-17	95.3
SczhEnG_1323	scaffold7872.1|size8912	98.148	54	1	0	315	368	5999	6052	2.14e-17	95.3
SczhEnG_1323	scaffold7872.1|size8912	98.148	54	1	0	315	368	6095	6148	2.14e-17	95.3
SczhEnG_1395	scaffold1515.1|size114345	100.000	28	0	0	1136	1163	35093	35120	1.19e-04	52.8
SczhEnG_1427	scaffold5278.1|size28993	100.000	30	0	0	195256	195285	5649	5620	0.001	56.5
SczhEnG_1429	scaffold7872.1|size8912	96.330	109	4	0	612	720	627	735	6.48e-43	180
SczhEnG_1429	scaffold7872.1|size8912	96.330	109	4	0	612	720	3970	4078	6.48e-43	180
SczhEnG_1429	scaffold7872.1|size8912	96.330	109	4	0	612	720	6095	6203	6.48e-43	180
SczhEnG_1429	scaffold7872.1|size8912	96.250	80	3	0	612	691	531	610	1.84e-28	132
SczhEnG_1429	scaffold7872.1|size8912	96.250	80	3	0	612	691	5999	6078	1.84e-28	132
SczhEnG_1445	scaffold54153.1|size135	100.000	28	0	0	182966	182993	69	96	0.016	52.8
SczhEnG_1446	scaffold4826.1|size34275	73.717	643	147	15	1059	1692	4386	5015	3.62e-58	231
SczhEnG_1448	scaffold2121.1|size88631	100.000	28	0	0	563	590	21185	21158	1.84e-04	52.8
SczhEnG_1448	scaffold2121.1|size88631	100.000	28	0	0	563	590	21226	21199	1.84e-04	52.8
SczhEnG_1448	scaffold2121.1|size88631	100.000	28	0	0	563	590	21267	21240	1.84e-04	52.8
SczhEnG_1467	scaffold4845.1|size35134	93.182	44	3	0	95746	95789	20855	20812	1.59e-06	65.8
SczhEnG_1478	scaffold6037.1|size21546	100.000	29	0	0	1573	1601	16572	16544	4.55e-04	54.7
SczhEnG_1491	scaffold330.1|size228242	100.000	28	0	0	40249	40276	151132	151159	0.017	52.8
SczhEnG_1493	scaffold282.1|size240797	97.059	34	1	0	70381	70414	167069	167036	1.81e-04	58.4
SczhEnG_1513	scaffold1743.1|size123518	100.000	28	0	0	14919	14946	103971	103944	0.004	52.8
SczhEnG_1543	scaffold202.1|size271277	100.000	29	0	0	13152	13180	152486	152458	3.57e-04	54.7
SczhEnG_1560	scaffold5053.1|size31417	100.000	28	0	0	73486	73513	19635	19662	0.018	52.8
SczhEnG_1561	scaffold1317.1|size125501	92.105	38	3	0	305	342	57331	57368	1.52e-04	54.7
SczhEnG_1564	scaffold848.1|size158107	94.286	35	1	1	356623	356657	124286	124319	0.029	52.8
SczhEnG_1582	scaffold5625.1|size25187	96.970	33	0	1	54764	54796	12090	12059	0.006	54.7
SczhEnG_1582	scaffold5625.1|size25187	100.000	28	0	0	54769	54796	12062	12035	0.022	52.8
SczhEnG_1582	scaffold5625.1|size25187	100.000	28	0	0	54769	54796	12068	12041	0.022	52.8
SczhEnG_1582	scaffold5625.1|size25187	100.000	28	0	0	54769	54796	12074	12047	0.022	52.8
SczhEnG_1582	scaffold5625.1|size25187	100.000	28	0	0	54769	54796	12080	12053	0.022	52.8
SczhEnG_1641	scaffold5546.1|size25990	92.500	40	0	3	53687	53723	19	58	0.003	54.7
SczhEnG_1662	scaffold5977.1|size23871	96.970	33	1	0	376169	376201	21952	21984	0.002	56.5
SczhEnG_1662	scaffold5977.1|size23871	96.970	33	1	0	376169	376201	21958	21990	0.002	56.5
SczhEnG_1662	scaffold5977.1|size23871	96.970	33	1	0	376169	376201	21964	21996	0.002	56.5
SczhEnG_1662	scaffold5977.1|size23871	96.970	33	1	0	376169	376201	21970	22002	0.002	56.5
SczhEnG_1662	scaffold5977.1|size23871	96.970	33	1	0	376169	376201	21976	22008	0.002	56.5
SczhEnG_1662	scaffold5977.1|size23871	96.875	32	1	0	376169	376200	21982	22013	0.009	54.7
SczhEnG_1707	scaffold6654.1|size18891	100.000	32	0	0	239395	239426	5123	5154	3.25e-04	60.2
SczhEnG_1713	scaffold24816.1|size433	80.074	271	45	9	5779	6044	167	433	4.14e-46	193
SczhEnG_1721	scaffold3671.1|size64718	100.000	28	0	0	84083	84110	26302	26329	0.028	52.8
SczhEnG_1791	scaffold2484.1|size137403	87.500	48	5	1	94131	94177	80340	80387	0.003	54.7
SczhEnG_1805	scaffold2070.1|size90664	97.222	36	1	0	334671	334706	72391	72356	4.78e-05	62.1
SczhEnG_1805	scaffold2070.1|size90664	97.143	35	1	0	334672	334706	72384	72350	1.72e-04	60.2
SczhEnG_1805	scaffold2070.1|size90664	100.000	30	0	0	334677	334706	72391	72362	0.002	56.5
SczhEnG_1812	scaffold19.1|size443072	100.000	33	0	0	243579	243611	371287	371319	9.62e-05	62.1
SczhEnG_1873	scaffold9461.1|size9599	91.379	58	4	1	960	1017	6186	6242	1.24e-12	78.7
SczhEnG_1881	scaffold552.1|size189238	96.875	32	1	0	169	200	151055	151024	2.97e-05	54.7
SczhEnG_1885	scaffold585.1|size314277	100.000	28	0	0	63899	63926	148408	148381	0.018	52.8
SczhEnG_1891	scaffold3160.1|size62170	96.970	33	0	1	83705	83736	54169	54201	0.004	54.7
SczhEnG_1897	scaffold2613.1|size83683	100.000	36	0	0	772361	772396	71831	71866	2.34e-06	67.6
SczhEnG_1897	scaffold2613.1|size83683	100.000	36	0	0	772361	772396	71845	71880	2.34e-06	67.6
SczhEnG_1897	scaffold2613.1|size83683	96.774	31	1	0	772366	772396	71822	71852	0.066	52.8
SczhEnG_1904	scaffold2183.1|size166057	100.000	28	0	0	40646	40673	137678	137651	0.014	52.8
SczhEnG_1930	scaffold5148.1|size30383	100.000	28	0	0	77566	77593	8592	8565	0.016	52.8
SczhEnG_1932	scaffold59004.1|size114	100.000	29	0	0	101795	101823	53	81	0.009	54.7
SczhEnG_1939	scaffold41340.1|size213	100.000	29	0	0	229870	229898	33	5	0.011	54.7
SczhEnG_1939	scaffold41340.1|size213	100.000	29	0	0	229870	229898	40	12	0.011	54.7
SczhEnG_1939	scaffold41340.1|size213	100.000	29	0	0	229870	229898	47	19	0.011	54.7
SczhEnG_1939	scaffold41340.1|size213	100.000	29	0	0	229870	229898	54	26	0.011	54.7
SczhEnG_1939	scaffold41340.1|size213	100.000	29	0	0	229870	229898	61	33	0.011	54.7
SczhEnG_1939	scaffold41340.1|size213	100.000	29	0	0	229870	229898	68	40	0.011	54.7
SczhEnG_1946	scaffold2643.1|size75571	86.275	51	7	0	235640	235690	74934	74984	0.003	56.5
SczhEnG_1991	scaffold292.1|size239810	97.222	36	1	0	92428	92463	169497	169462	2.28e-05	62.1
SczhEnG_1991	scaffold292.1|size239810	97.143	35	1	0	92429	92463	169489	169455	8.20e-05	60.2
SczhEnG_1991	scaffold292.1|size239810	100.000	28	0	0	92436	92463	169496	169469	0.014	52.8
SczhEnG_2007	scaffold1834.1|size99453	94.444	36	2	0	290716	290751	11409	11374	0.004	56.5
SczhEnG_2019	scaffold1253.1|size128728	100.000	34	0	0	62080	62113	19160	19127	1.03e-05	63.9
SczhEnG_2032	scaffold1693.1|size105633	97.826	46	1	0	40744	40789	26207	26162	7.10e-11	80.5
SczhEnG_2032	scaffold1693.1|size105633	97.727	44	1	0	40744	40787	26196	26153	9.18e-10	76.8
SczhEnG_2032	scaffold1693.1|size105633	100.000	32	0	0	40744	40775	26185	26154	9.25e-05	60.2
SczhEnG_2035	scaffold3733.1|size51286	100.000	28	0	0	1	28	13560	13587	0.022	52.8
SczhEnG_2053	scaffold54.1|size375170	100.000	28	0	0	456378	456405	172420	172447	0.037	52.8
SczhEnG_2088	scaffold2067.1|size90749	100.000	34	0	0	121651	121684	53172	53205	6.83e-06	63.9
SczhEnG_2088	scaffold2067.1|size90749	100.000	31	0	0	121651	121681	53160	53190	3.18e-04	58.4
SczhEnG_2088	scaffold2067.1|size90749	100.000	31	0	0	121651	121681	53166	53196	3.18e-04	58.4
SczhEnG_2088	scaffold2067.1|size90749	100.000	28	0	0	121652	121679	53131	53158	0.015	52.8
SczhEnG_2099	scaffold4969.1|size69705	86.577	149	14	4	5202	5347	13991	14136	2.34e-36	159
SczhEnG_2143	scaffold8153.1|size7498	89.454	1081	91	8	174	1250	1593	532	0.0	1343
SczhEnG_2143	scaffold8153.1|size7498	89.454	1081	91	8	174	1250	7591	6530	0.0	1343
SczhEnG_2143	scaffold8153.1|size7498	93.435	655	43	0	596	1250	3389	2735	0.0	972
SczhEnG_2143	scaffold8153.1|size7498	89.062	128	13	1	291	417	3518	3391	2.04e-36	158
SczhEnG_2152	scaffold21.1|size436794	100.000	32	0	0	28136	28167	320456	320487	1.30e-04	60.2
SczhEnG_2158	scaffold8286.1|size18106	100.000	29	0	0	5397	5425	9254	9282	1.14e-04	54.7
SczhEnG_2175	scaffold454.1|size202171	100.000	28	0	0	700190	700217	98688	98661	0.058	52.8
SczhEnG_2183	scaffold5386.1|size30911	92.912	1312	68	9	4930	6236	28628	29919	0.0	1886
SczhEnG_2183	scaffold5386.1|size30911	93.071	534	27	6	8101	8629	22702	23230	0.0	785
SczhEnG_2183	scaffold5386.1|size30911	95.208	313	15	0	8902	9214	23523	23835	4.09e-141	514
SczhEnG_2183	scaffold5386.1|size30911	90.260	308	28	2	3806	4112	27218	27524	3.32e-107	401
SczhEnG_2183	scaffold5386.1|size30911	87.395	238	28	2	6455	6691	20357	20593	2.72e-68	272
SczhEnG_2183	scaffold5386.1|size30911	84.490	245	29	4	6455	6691	30128	30371	3.57e-57	235
SczhEnG_2183	scaffold5386.1|size30911	88.506	174	20	0	2213	2386	23807	23980	1.66e-55	230
SczhEnG_2183	scaffold5386.1|size30911	98.230	113	2	0	4515	4627	28166	28278	4.68e-46	198
SczhEnG_2183	scaffold5386.1|size30911	100.000	54	0	0	939	992	28129	28182	1.36e-16	100
SczhEnG_2183	scaffold5386.1|size30911	85.714	84	12	0	6153	6236	20065	20148	2.94e-13	89.8
SczhEnG_2217	scaffold996.1|size145880	100.000	28	0	0	38679	38706	59162	59135	0.007	52.8
SczhEnG_2228	scaffold1195.1|size134849	100.000	31	0	0	32413	32443	50591	50621	5.16e-04	58.4
SczhEnG_2228	scaffold1195.1|size134849	100.000	31	0	0	32413	32443	50649	50679	5.16e-04	58.4
SczhEnG_2242	scaffold8101.1|size12358	90.130	385	23	7	182	554	7231	7612	2.61e-135	486
SczhEnG_2252	scaffold61392.1|size105	89.041	73	4	4	39741	39811	31	101	2.90e-13	87.9
SczhEnG_2252	scaffold61392.1|size105	87.879	66	8	0	39422	39487	39	104	1.75e-10	78.7
SczhEnG_2292	scaffold8616.1|size5613	96.875	32	1	0	140917	140948	2546	2515	0.005	54.7
SczhEnG_2315	scaffold128.1|size312424	96.970	33	1	0	441745	441777	216892	216924	0.006	56.5
SczhEnG_2324	scaffold6753.1|size15738	100.000	31	0	0	617483	617513	12696	12666	0.001	58.4
SczhEnG_2324	scaffold6753.1|size15738	100.000	28	0	0	617486	617513	12663	12636	0.052	52.8
SczhEnG_2324	scaffold6753.1|size15738	100.000	28	0	0	617486	617513	12669	12642	0.052	52.8
SczhEnG_2324	scaffold6753.1|size15738	100.000	28	0	0	617486	617513	12675	12648	0.052	52.8
SczhEnG_2324	scaffold6753.1|size15738	100.000	28	0	0	617486	617513	12681	12654	0.052	52.8
SczhEnG_2324	scaffold6753.1|size15738	100.000	28	0	0	617486	617513	12687	12660	0.052	52.8
SczhEnG_2336	scaffold11468.1|size9254	98.969	97	0	1	2570	2666	6801	6706	4.91e-40	172
SczhEnG_2353	scaffold8198.1|size7337	92.791	971	68	2	248	1217	3543	4512	0.0	1404
SczhEnG_2353	scaffold8198.1|size7337	93.388	242	16	0	891	1132	384	625	8.23e-97	359
SczhEnG_2353	scaffold8198.1|size7337	93.388	242	16	0	891	1132	6153	6394	8.23e-97	359
SczhEnG_2353	scaffold8198.1|size7337	94.500	200	11	0	166	365	3342	3541	8.40e-82	309
SczhEnG_2353	scaffold8198.1|size7337	93.500	200	10	2	1053	1251	615	812	2.35e-77	294
SczhEnG_2353	scaffold8198.1|size7337	92.647	204	15	0	1255	1458	982	1185	2.35e-77	294
SczhEnG_2353	scaffold8198.1|size7337	93.500	200	10	2	1053	1251	6384	6581	2.35e-77	294
SczhEnG_2353	scaffold8198.1|size7337	92.647	204	15	0	1255	1458	6751	6954	2.35e-77	294
SczhEnG_2353	scaffold8198.1|size7337	90.640	203	19	0	1321	1523	1187	1389	3.97e-70	270
SczhEnG_2353	scaffold8198.1|size7337	90.640	203	19	0	1321	1523	6956	7158	3.97e-70	270
SczhEnG_2353	scaffold8198.1|size7337	94.253	174	10	0	776	949	207	380	5.13e-69	267
SczhEnG_2353	scaffold8198.1|size7337	94.253	174	10	0	776	949	5976	6149	5.13e-69	267
SczhEnG_2375	scaffold2327.1|size82221	100.000	32	0	0	87828	87859	42231	42200	2.28e-04	60.2
SczhEnG_2386	scaffold6947.1|size14337	91.892	37	3	0	32686	32722	14199	14235	0.003	52.8
SczhEnG_2411	scaffold4998.1|size31953	99.310	1450	9	1	1	1450	3669	2221	0.0	2621
SczhEnG_2411	scaffold4998.1|size31953	94.419	215	10	2	1564	1777	7496	7709	5.50e-88	329
SczhEnG_2411	scaffold4998.1|size31953	84.615	78	10	2	1587	1664	7562	7637	7.91e-12	76.8
SczhEnG_2416	scaffold1243.1|size129491	100.000	30	0	0	37648	37677	84286	84257	0.001	56.5
SczhEnG_2422	scaffold8834.1|size4932	97.059	34	1	0	1032547	1032580	2755	2722	0.002	58.4
SczhEnG_2501	scaffold22.1|size431876	96.970	33	0	1	3551	3582	17038	17070	2.96e-04	54.7
SczhEnG_2507	scaffold7719.1|size11670	100.000	32	0	0	65	96	4153	4184	8.00e-07	60.2
SczhEnG_2507	scaffold7719.1|size11670	100.000	32	0	0	65	96	6099	6130	8.00e-07	60.2
SczhEnG_2592	scaffold2634.1|size74369	100.000	28	0	0	431613	431640	19705	19732	0.041	52.8
SczhEnG_2655	scaffold4969.1|size69705	96.093	691	25	2	7970	8659	27990	27301	0.0	1125
SczhEnG_2662	scaffold1269.1|size127624	91.111	45	4	0	51708	51752	61408	61452	1.70e-05	62.1
SczhEnG_2694	scaffold59244.1|size113	100.000	28	0	0	57909	57936	55	82	0.012	52.8
SczhEnG_2709	scaffold15892.1|size750	87.719	57	5	2	60859	60914	749	694	1.87e-06	65.8
SczhEnG_2709	scaffold15892.1|size750	89.130	46	5	0	92811	92856	705	750	3.13e-04	58.4
SczhEnG_2712	scaffold99.1|size346285	100.000	29	0	0	313802	313830	320410	320382	0.041	54.7
SczhEnG_2727	scaffold790.1|size295610	100.000	28	0	0	379449	379476	8728	8755	0.041	52.8
SczhEnG_2749	scaffold1611.1|size109513	100.000	29	0	0	150771	150799	87786	87814	0.008	54.7
SczhEnG_2791	scaffold3417.1|size57214	100.000	28	0	0	681366	681393	33000	33027	0.058	52.8
SczhEnG_2792	scaffold20604.1|size544	97.059	34	1	0	4625	4658	198	231	5.68e-05	58.4
SczhEnG_2837	scaffold1074.1|size139831	94.595	37	2	0	119383	119419	104340	104304	2.38e-04	58.4
SczhEnG_2887	scaffold4818.1|size34747	97.368	38	0	1	182668	182705	3275	3239	7.93e-06	63.9
SczhEnG_2913	scaffold498.1|size458234	100.000	32	0	0	82963	82994	404904	404873	1.71e-04	60.2
SczhEnG_2935	scaffold4041.1|size45706	100.000	32	0	0	45527	45558	3601	3632	4.97e-05	60.2
SczhEnG_2935	scaffold4041.1|size45706	100.000	32	0	0	45527	45558	3609	3640	4.97e-05	60.2
SczhEnG_2935	scaffold4041.1|size45706	100.000	32	0	0	45527	45558	3617	3648	4.97e-05	60.2
SczhEnG_2935	scaffold4041.1|size45706	100.000	32	0	0	45527	45558	3625	3656	4.97e-05	60.2
SczhEnG_2935	scaffold4041.1|size45706	100.000	32	0	0	45527	45558	3633	3664	4.97e-05	60.2
SczhEnG_2935	scaffold4041.1|size45706	100.000	32	0	0	45527	45558	3641	3672	4.97e-05	60.2
SczhEnG_2935	scaffold4041.1|size45706	100.000	32	0	0	45527	45558	3649	3680	4.97e-05	60.2
SczhEnG_2935	scaffold4041.1|size45706	100.000	32	0	0	45527	45558	3657	3688	4.97e-05	60.2
SczhEnG_2935	scaffold4041.1|size45706	100.000	32	0	0	45527	45558	3665	3696	4.97e-05	60.2
SczhEnG_2935	scaffold4041.1|size45706	100.000	32	0	0	45527	45558	3673	3704	4.97e-05	60.2
SczhEnG_2935	scaffold4041.1|size45706	100.000	32	0	0	45527	45558	3681	3712	4.97e-05	60.2
SczhEnG_2935	scaffold4041.1|size45706	100.000	32	0	0	45527	45558	3689	3720	4.97e-05	60.2
SczhEnG_2939	scaffold3442.1|size104216	100.000	32	0	0	161648	161679	63319	63288	1.49e-04	60.2
SczhEnG_2939	scaffold3442.1|size104216	100.000	32	0	0	161648	161679	63327	63296	1.49e-04	60.2
SczhEnG_2939	scaffold3442.1|size104216	100.000	32	0	0	161648	161679	63335	63304	1.49e-04	60.2
SczhEnG_2939	scaffold3442.1|size104216	100.000	32	0	0	161648	161679	63343	63312	1.49e-04	60.2
SczhEnG_2939	scaffold3442.1|size104216	100.000	31	0	0	161649	161679	63350	63320	5.37e-04	58.4
SczhEnG_2955	scaffold1031.1|size143042	95.238	42	2	0	107748	107789	72727	72686	1.29e-06	67.6
SczhEnG_2955	scaffold1031.1|size143042	100.000	28	0	0	107748	107775	83323	83296	0.036	52.8
SczhEnG_2962	scaffold43378.1|size198	100.000	28	0	0	162238	162265	122	149	0.017	52.8
SczhEnG_2968	scaffold55.1|size374282	100.000	29	0	0	51490	51518	218446	218474	0.007	54.7
SczhEnG_2978	scaffold61392.1|size105	88.889	81	4	5	302830	302908	103	26	1.24e-14	95.3
SczhEnG_2978	scaffold61392.1|size105	89.189	74	4	4	764255	764326	103	32	5.77e-13	89.8
SczhEnG_2978	scaffold61392.1|size105	87.838	74	5	4	761402	761473	103	32	2.69e-11	84.2
SczhEnG_2986	scaffold235.1|size321457	92.105	38	3	0	6408	6445	310094	310057	0.013	54.7
SczhEnG_2998	scaffold6672.1|size41386	98.030	1421	28	0	5421	6841	22824	21404	0.0	2470
SczhEnG_2998	scaffold6672.1|size41386	98.113	795	14	1	5421	6214	24578	23784	0.0	1384
SczhEnG_2998	scaffold6672.1|size41386	97.602	417	9	1	6072	6488	23781	23366	0.0	713
SczhEnG_3011	scaffold3634.1|size52958	75.159	157	33	6	7979	8134	24178	24027	9.29e-09	69.4
SczhEnG_3043	scaffold1896.1|size96813	100.000	31	0	0	35330	35360	32886	32916	2.43e-04	58.4
SczhEnG_3054	scaffold1711.1|size185425	100.000	30	0	0	467858	467887	2217	2246	0.004	56.5
SczhEnG_3097	scaffold738.1|size167167	78.218	101	22	0	126644	126744	50461	50561	1.29e-06	65.8
SczhEnG_3106	scaffold3813.1|size49824	100.000	28	0	0	69867	69894	28857	28884	0.029	52.8
SczhEnG_3144	scaffold10332.1|size4351	100.000	29	0	0	28468	28496	3876	3848	0.001	54.7
SczhEnG_3146	scaffold1490.1|size115670	100.000	31	0	0	67943	67973	79120	79090	2.30e-04	58.4
SczhEnG_3178	scaffold5386.1|size30911	87.500	64	7	1	15178	15241	28401	28339	9.36e-10	73.1
SczhEnG_3243	scaffold640.1|size177612	94.595	37	2	0	37779	37815	168542	168506	2.73e-04	58.4
SczhEnG_3253	scaffold5386.1|size30911	86.316	95	13	0	563905	563999	29766	29672	1.20e-17	104
SczhEnG_3257	scaffold58867.1|size114	100.000	30	0	0	582804	582833	43	14	0.007	56.5
SczhEnG_3257	scaffold58867.1|size114	100.000	30	0	0	582804	582833	49	20	0.007	56.5
SczhEnG_3257	scaffold58867.1|size114	100.000	30	0	0	582804	582833	55	26	0.007	56.5
SczhEnG_3257	scaffold58867.1|size114	100.000	30	0	0	582804	582833	61	32	0.007	56.5
SczhEnG_3257	scaffold58867.1|size114	100.000	30	0	0	582804	582833	67	38	0.007	56.5
SczhEnG_3257	scaffold58867.1|size114	100.000	30	0	0	582804	582833	73	44	0.007	56.5
SczhEnG_3257	scaffold58867.1|size114	100.000	30	0	0	582804	582833	79	50	0.007	56.5
SczhEnG_3257	scaffold58867.1|size114	100.000	30	0	0	582804	582833	85	56	0.007	56.5
SczhEnG_3257	scaffold58867.1|size114	100.000	30	0	0	582804	582833	91	62	0.007	56.5
SczhEnG_3257	scaffold58867.1|size114	100.000	30	0	0	582804	582833	97	68	0.007	56.5
SczhEnG_3257	scaffold58867.1|size114	100.000	30	0	0	582804	582833	103	74	0.007	56.5
SczhEnG_3257	scaffold58867.1|size114	100.000	30	0	0	582804	582833	109	80	0.007	56.5
SczhEnG_3257	scaffold58867.1|size114	100.000	29	0	0	582805	582833	114	86	0.025	54.7
SczhEnG_3257	scaffold58867.1|size114	96.774	31	1	0	582804	582834	37	7	0.090	52.8
SczhEnG_3263	scaffold1545.1|size113997	100.000	28	0	0	369302	369329	89308	89335	0.053	52.8
SczhEnG_3263	scaffold1545.1|size113997	100.000	28	0	0	369301	369328	89314	89341	0.053	52.8
SczhEnG_3284	scaffold7223.1|size20424	81.915	282	42	1	1222	1494	13303	13584	7.28e-58	230
SczhEnG_3284	scaffold7223.1|size20424	81.915	282	42	1	1222	1494	15466	15747	7.28e-58	230
SczhEnG_3284	scaffold7223.1|size20424	81.915	282	42	1	1222	1494	18998	19279	7.28e-58	230
SczhEnG_3309	scaffold3929.1|size57123	86.547	223	26	4	482	701	5260	5039	6.88e-62	243
SczhEnG_3323	scaffold3736.1|size51197	79.703	202	40	1	222291	222491	25786	25585	4.36e-30	145
SczhEnG_3336	scaffold4331.1|size41101	96.970	33	0	1	408684	408716	17326	17357	0.009	54.7
SczhEnG_3341	scaffold5390.1|size27637	96.774	31	1	0	22996	23026	20392	20362	0.023	52.8
SczhEnG_3349	scaffold3511.1|size105743	100.000	33	0	0	211060	211092	40876	40908	2.75e-05	62.1
SczhEnG_3349	scaffold3511.1|size105743	100.000	29	0	0	211060	211088	40870	40898	0.005	54.7
SczhEnG_3381	scaffold507.1|size305965	82.558	86	12	3	418391	418474	114678	114762	4.14e-08	73.1
SczhEnG_3381	scaffold507.1|size305965	82.558	86	12	3	418391	418474	115685	115769	4.14e-08	73.1
SczhEnG_3389	scaffold21.1|size436794	97.059	34	1	0	126055	126088	236898	236865	7.23e-04	58.4
SczhEnG_3398	scaffold7963.1|size8410	100.000	47	0	0	3323	3369	6954	6908	7.03e-15	87.9
SczhEnG_3424	scaffold6220.1|size19963	100.000	28	0	0	160212	160239	37	10	0.015	52.8
SczhEnG_3433	scaffold4306.1|size49852	90.741	54	5	0	1254843	1254896	39758	39811	7.96e-08	73.1
SczhEnG_3433	scaffold4306.1|size49852	90.741	54	5	0	1254843	1254896	39766	39819	7.96e-08	73.1
SczhEnG_3433	scaffold4306.1|size49852	90.741	54	5	0	1254843	1254896	39774	39827	7.96e-08	73.1
SczhEnG_3433	scaffold4306.1|size49852	90.741	54	5	0	1254843	1254896	39782	39835	7.96e-08	73.1
SczhEnG_3433	scaffold4306.1|size49852	90.741	54	5	0	1254843	1254896	39790	39843	7.96e-08	73.1
SczhEnG_3433	scaffold4306.1|size49852	90.741	54	5	0	1254843	1254896	39798	39851	7.96e-08	73.1
SczhEnG_3433	scaffold4306.1|size49852	90.741	54	5	0	1254843	1254896	39806	39859	7.96e-08	73.1
SczhEnG_3433	scaffold4306.1|size49852	90.741	54	5	0	1254843	1254896	39814	39867	7.96e-08	73.1
SczhEnG_3433	scaffold4306.1|size49852	90.741	54	5	0	1254843	1254896	39822	39875	7.96e-08	73.1
SczhEnG_3433	scaffold4306.1|size49852	90.741	54	5	0	1254843	1254896	39830	39883	7.96e-08	73.1
SczhEnG_3433	scaffold4306.1|size49852	90.741	54	5	0	1254843	1254896	39838	39891	7.96e-08	73.1
SczhEnG_3433	scaffold4306.1|size49852	90.741	54	5	0	1254843	1254896	39846	39899	7.96e-08	73.1
SczhEnG_3433	scaffold4306.1|size49852	90.741	54	5	0	1254843	1254896	39854	39907	7.96e-08	73.1
SczhEnG_3433	scaffold4306.1|size49852	90.741	54	5	0	1254843	1254896	39862	39915	7.96e-08	73.1
SczhEnG_3433	scaffold4306.1|size49852	90.741	54	5	0	1254843	1254896	39870	39923	7.96e-08	73.1
SczhEnG_3433	scaffold4306.1|size49852	90.741	54	5	0	1254843	1254896	39878	39931	7.96e-08	73.1
SczhEnG_3433	scaffold4306.1|size49852	90.741	54	5	0	1254843	1254896	39886	39939	7.96e-08	73.1
SczhEnG_3433	scaffold4306.1|size49852	90.741	54	5	0	1254843	1254896	39894	39947	7.96e-08	73.1
SczhEnG_3433	scaffold4306.1|size49852	90.741	54	5	0	1254843	1254896	39902	39955	7.96e-08	73.1
SczhEnG_3433	scaffold4306.1|size49852	90.741	54	5	0	1254843	1254896	39910	39963	7.96e-08	73.1
SczhEnG_3433	scaffold4306.1|size49852	90.741	54	5	0	1254843	1254896	39918	39971	7.96e-08	73.1
SczhEnG_3433	scaffold4306.1|size49852	90.741	54	5	0	1254843	1254896	39926	39979	7.96e-08	73.1
SczhEnG_3433	scaffold4306.1|size49852	90.741	54	5	0	1254843	1254896	39934	39987	7.96e-08	73.1
SczhEnG_3433	scaffold4306.1|size49852	90.741	54	5	0	1254843	1254896	39942	39995	7.96e-08	73.1
SczhEnG_3433	scaffold4306.1|size49852	90.741	54	5	0	1254843	1254896	39950	40003	7.96e-08	73.1
SczhEnG_3433	scaffold4306.1|size49852	90.741	54	5	0	1254843	1254896	39958	40011	7.96e-08	73.1
SczhEnG_3433	scaffold4306.1|size49852	90.741	54	5	0	1254843	1254896	39966	40019	7.96e-08	73.1
SczhEnG_3433	scaffold4306.1|size49852	90.741	54	5	0	1254843	1254896	39974	40027	7.96e-08	73.1
SczhEnG_3433	scaffold4306.1|size49852	90.741	54	5	0	1254843	1254896	39982	40035	7.96e-08	73.1
SczhEnG_3433	scaffold4306.1|size49852	90.741	54	5	0	1254843	1254896	39990	40043	7.96e-08	73.1
SczhEnG_3433	scaffold4306.1|size49852	90.741	54	5	0	1254843	1254896	39998	40051	7.96e-08	73.1
SczhEnG_3433	scaffold4306.1|size49852	90.741	54	5	0	1254843	1254896	40006	40059	7.96e-08	73.1
SczhEnG_3433	scaffold4306.1|size49852	90.741	54	5	0	1254843	1254896	40014	40067	7.96e-08	73.1
SczhEnG_3433	scaffold4306.1|size49852	90.741	54	5	0	1254843	1254896	40022	40075	7.96e-08	73.1
SczhEnG_3433	scaffold4306.1|size49852	90.741	54	5	0	1254843	1254896	40030	40083	7.96e-08	73.1
SczhEnG_3433	scaffold4306.1|size49852	90.741	54	5	0	1254843	1254896	40038	40091	7.96e-08	73.1
SczhEnG_3433	scaffold4306.1|size49852	90.741	54	5	0	1254843	1254896	40046	40099	7.96e-08	73.1
SczhEnG_3433	scaffold4306.1|size49852	90.741	54	5	0	1254843	1254896	40054	40107	7.96e-08	73.1
SczhEnG_3433	scaffold4306.1|size49852	90.741	54	5	0	1254843	1254896	40062	40115	7.96e-08	73.1
SczhEnG_3433	scaffold4306.1|size49852	90.741	54	5	0	1254843	1254896	40070	40123	7.96e-08	73.1
SczhEnG_3433	scaffold4306.1|size49852	90.741	54	5	0	1254843	1254896	40078	40131	7.96e-08	73.1
SczhEnG_3433	scaffold4306.1|size49852	90.741	54	5	0	1254843	1254896	40086	40139	7.96e-08	73.1
SczhEnG_3433	scaffold4306.1|size49852	90.741	54	5	0	1254843	1254896	40094	40147	7.96e-08	73.1
SczhEnG_3433	scaffold4306.1|size49852	90.741	54	5	0	1254843	1254896	40102	40155	7.96e-08	73.1
SczhEnG_3433	scaffold4306.1|size49852	90.741	54	5	0	1254843	1254896	40110	40163	7.96e-08	73.1
SczhEnG_3433	scaffold4306.1|size49852	90.741	54	5	0	1254843	1254896	40118	40171	7.96e-08	73.1
SczhEnG_3433	scaffold4306.1|size49852	90.741	54	5	0	1254843	1254896	40126	40179	7.96e-08	73.1
SczhEnG_3433	scaffold4306.1|size49852	90.741	54	5	0	1254843	1254896	40134	40187	7.96e-08	73.1
SczhEnG_3433	scaffold4306.1|size49852	90.741	54	5	0	1254843	1254896	40142	40195	7.96e-08	73.1
SczhEnG_3433	scaffold4306.1|size49852	90.741	54	5	0	1254843	1254896	40150	40203	7.96e-08	73.1
SczhEnG_3433	scaffold4306.1|size49852	90.741	54	5	0	1254843	1254896	40158	40211	7.96e-08	73.1
SczhEnG_3433	scaffold4306.1|size49852	90.741	54	5	0	1254843	1254896	40166	40219	7.96e-08	73.1
SczhEnG_3433	scaffold4306.1|size49852	90.741	54	5	0	1254843	1254896	40174	40227	7.96e-08	73.1
SczhEnG_3433	scaffold4306.1|size49852	90.741	54	5	0	1254843	1254896	40182	40235	7.96e-08	73.1
SczhEnG_3433	scaffold4306.1|size49852	90.741	54	5	0	1254843	1254896	40190	40243	7.96e-08	73.1
SczhEnG_3433	scaffold4306.1|size49852	90.741	54	5	0	1254843	1254896	40198	40251	7.96e-08	73.1
SczhEnG_3433	scaffold4306.1|size49852	90.741	54	5	0	1254843	1254896	40206	40259	7.96e-08	73.1
SczhEnG_3433	scaffold4306.1|size49852	90.741	54	5	0	1254843	1254896	40214	40267	7.96e-08	73.1
SczhEnG_3433	scaffold4306.1|size49852	90.741	54	5	0	1254843	1254896	40222	40275	7.96e-08	73.1
SczhEnG_3433	scaffold4306.1|size49852	90.741	54	5	0	1254843	1254896	40230	40283	7.96e-08	73.1
SczhEnG_3433	scaffold4306.1|size49852	90.741	54	5	0	1254843	1254896	40238	40291	7.96e-08	73.1
SczhEnG_3433	scaffold4306.1|size49852	90.741	54	5	0	1254843	1254896	40246	40299	7.96e-08	73.1
SczhEnG_3433	scaffold4306.1|size49852	90.741	54	5	0	1254843	1254896	40254	40307	7.96e-08	73.1
SczhEnG_3433	scaffold4306.1|size49852	90.741	54	5	0	1254843	1254896	40262	40315	7.96e-08	73.1
SczhEnG_3433	scaffold4306.1|size49852	90.741	54	5	0	1254843	1254896	40270	40323	7.96e-08	73.1
SczhEnG_3433	scaffold4306.1|size49852	90.741	54	5	0	1254843	1254896	40278	40331	7.96e-08	73.1
SczhEnG_3433	scaffold4306.1|size49852	90.741	54	5	0	1254843	1254896	40286	40339	7.96e-08	73.1
SczhEnG_3433	scaffold4306.1|size49852	90.741	54	5	0	1254843	1254896	40294	40347	7.96e-08	73.1
SczhEnG_3433	scaffold4306.1|size49852	90.741	54	5	0	1254843	1254896	40302	40355	7.96e-08	73.1
SczhEnG_3433	scaffold4306.1|size49852	90.741	54	5	0	1254843	1254896	40310	40363	7.96e-08	73.1
SczhEnG_3433	scaffold4306.1|size49852	90.741	54	5	0	1254843	1254896	40318	40371	7.96e-08	73.1
SczhEnG_3433	scaffold4306.1|size49852	90.741	54	5	0	1254843	1254896	40326	40379	7.96e-08	73.1
SczhEnG_3433	scaffold4306.1|size49852	90.741	54	5	0	1254843	1254896	40334	40387	7.96e-08	73.1
SczhEnG_3433	scaffold4306.1|size49852	90.741	54	5	0	1254843	1254896	40342	40395	7.96e-08	73.1
SczhEnG_3433	scaffold4306.1|size49852	90.741	54	5	0	1254843	1254896	40350	40403	7.96e-08	73.1
SczhEnG_3433	scaffold4306.1|size49852	90.741	54	5	0	1254843	1254896	40358	40411	7.96e-08	73.1
SczhEnG_3433	scaffold4306.1|size49852	90.741	54	5	0	1254843	1254896	40366	40419	7.96e-08	73.1
SczhEnG_3433	scaffold4306.1|size49852	90.741	54	5	0	1254843	1254896	40374	40427	7.96e-08	73.1
SczhEnG_3433	scaffold4306.1|size49852	90.741	54	5	0	1254843	1254896	40382	40435	7.96e-08	73.1
SczhEnG_3433	scaffold4306.1|size49852	90.741	54	5	0	1254843	1254896	40390	40443	7.96e-08	73.1
SczhEnG_3433	scaffold4306.1|size49852	90.741	54	5	0	1254843	1254896	40398	40451	7.96e-08	73.1
SczhEnG_3433	scaffold4306.1|size49852	90.741	54	5	0	1254843	1254896	40406	40459	7.96e-08	73.1
SczhEnG_3433	scaffold4306.1|size49852	90.741	54	5	0	1254843	1254896	40414	40467	7.96e-08	73.1
SczhEnG_3433	scaffold4306.1|size49852	90.741	54	5	0	1254843	1254896	40422	40475	7.96e-08	73.1
SczhEnG_3433	scaffold4306.1|size49852	90.741	54	5	0	1254843	1254896	40430	40483	7.96e-08	73.1
SczhEnG_3433	scaffold4306.1|size49852	90.741	54	5	0	1254843	1254896	40438	40491	7.96e-08	73.1
SczhEnG_3433	scaffold4306.1|size49852	90.741	54	5	0	1254843	1254896	40446	40499	7.96e-08	73.1
SczhEnG_3433	scaffold4306.1|size49852	90.741	54	5	0	1254843	1254896	40454	40507	7.96e-08	73.1
SczhEnG_3433	scaffold4306.1|size49852	90.741	54	5	0	1254843	1254896	40462	40515	7.96e-08	73.1
SczhEnG_3433	scaffold4306.1|size49852	90.741	54	5	0	1254843	1254896	40470	40523	7.96e-08	73.1
SczhEnG_3433	scaffold4306.1|size49852	90.741	54	5	0	1254843	1254896	40478	40531	7.96e-08	73.1
SczhEnG_3433	scaffold4306.1|size49852	90.741	54	5	0	1254843	1254896	40486	40539	7.96e-08	73.1
SczhEnG_3433	scaffold4306.1|size49852	90.741	54	5	0	1254843	1254896	40494	40547	7.96e-08	73.1
SczhEnG_3433	scaffold4306.1|size49852	90.741	54	5	0	1254843	1254896	40502	40555	7.96e-08	73.1
SczhEnG_3433	scaffold4306.1|size49852	90.741	54	5	0	1254843	1254896	40510	40563	7.96e-08	73.1
SczhEnG_3433	scaffold4306.1|size49852	90.741	54	5	0	1254843	1254896	40518	40571	7.96e-08	73.1
SczhEnG_3433	scaffold4306.1|size49852	90.741	54	5	0	1254843	1254896	40526	40579	7.96e-08	73.1
SczhEnG_3433	scaffold4306.1|size49852	90.741	54	5	0	1254843	1254896	40534	40587	7.96e-08	73.1
SczhEnG_3433	scaffold4306.1|size49852	90.741	54	5	0	1254843	1254896	40542	40595	7.96e-08	73.1
SczhEnG_3433	scaffold4306.1|size49852	90.741	54	5	0	1254843	1254896	40550	40603	7.96e-08	73.1
SczhEnG_3433	scaffold4306.1|size49852	90.741	54	5	0	1254843	1254896	40558	40611	7.96e-08	73.1
SczhEnG_3433	scaffold4306.1|size49852	90.741	54	5	0	1254843	1254896	40566	40619	7.96e-08	73.1
SczhEnG_3433	scaffold4306.1|size49852	90.741	54	5	0	1254843	1254896	40574	40627	7.96e-08	73.1
SczhEnG_3433	scaffold4306.1|size49852	90.741	54	5	0	1254843	1254896	40582	40635	7.96e-08	73.1
SczhEnG_3433	scaffold4306.1|size49852	90.741	54	5	0	1254843	1254896	40590	40643	7.96e-08	73.1
SczhEnG_3433	scaffold4306.1|size49852	90.741	54	5	0	1254843	1254896	40598	40651	7.96e-08	73.1
SczhEnG_3433	scaffold4306.1|size49852	90.741	54	5	0	1254843	1254896	40606	40659	7.96e-08	73.1
SczhEnG_3433	scaffold4306.1|size49852	90.741	54	5	0	1254843	1254896	40614	40667	7.96e-08	73.1
SczhEnG_3433	scaffold4306.1|size49852	90.741	54	5	0	1254843	1254896	40622	40675	7.96e-08	73.1
SczhEnG_3433	scaffold4306.1|size49852	90.741	54	5	0	1254843	1254896	40630	40683	7.96e-08	73.1
SczhEnG_3433	scaffold4306.1|size49852	90.741	54	5	0	1254843	1254896	40638	40691	7.96e-08	73.1
SczhEnG_3433	scaffold4306.1|size49852	90.741	54	5	0	1254843	1254896	40646	40699	7.96e-08	73.1
SczhEnG_3433	scaffold4306.1|size49852	97.561	41	1	0	1254843	1254883	40654	40694	2.86e-07	71.3
SczhEnG_3433	scaffold4306.1|size49852	97.561	41	1	0	1254843	1254883	40662	40702	2.86e-07	71.3
SczhEnG_3433	scaffold4306.1|size49852	87.931	58	6	1	1254839	1254896	39747	39803	1.03e-06	69.4
SczhEnG_3433	scaffold4306.1|size49852	95.122	41	2	0	1254843	1254883	40670	40710	1.33e-05	65.8
SczhEnG_3433	scaffold4306.1|size49852	92.683	41	3	0	1254843	1254883	40678	40718	6.20e-04	60.2
SczhEnG_3447	scaffold937.1|size150259	97.059	34	0	1	125876	125908	80007	80040	0.002	56.5
SczhEnG_3468	scaffold738.1|size167167	78.125	96	19	2	50934	51028	50561	50467	5.97e-05	60.2
SczhEnG_3487	scaffold58867.1|size114	94.118	34	2	0	432241	432274	7	40	0.038	52.8
SczhEnG_3487	scaffold58867.1|size114	100.000	28	0	0	432247	432274	19	46	0.038	52.8
SczhEnG_3487	scaffold58867.1|size114	100.000	28	0	0	432247	432274	25	52	0.038	52.8
SczhEnG_3487	scaffold58867.1|size114	100.000	28	0	0	432247	432274	31	58	0.038	52.8
SczhEnG_3487	scaffold58867.1|size114	100.000	28	0	0	432247	432274	37	64	0.038	52.8
SczhEnG_3487	scaffold58867.1|size114	100.000	28	0	0	432247	432274	43	70	0.038	52.8
SczhEnG_3487	scaffold58867.1|size114	100.000	28	0	0	432247	432274	49	76	0.038	52.8
SczhEnG_3487	scaffold58867.1|size114	100.000	28	0	0	432247	432274	55	82	0.038	52.8
SczhEnG_3487	scaffold58867.1|size114	100.000	28	0	0	432247	432274	61	88	0.038	52.8
SczhEnG_3487	scaffold58867.1|size114	100.000	28	0	0	432247	432274	67	94	0.038	52.8
SczhEnG_3487	scaffold58867.1|size114	100.000	28	0	0	432247	432274	73	100	0.038	52.8
SczhEnG_3487	scaffold58867.1|size114	100.000	28	0	0	432247	432274	79	106	0.038	52.8
SczhEnG_3487	scaffold58867.1|size114	100.000	28	0	0	432247	432274	85	112	0.038	52.8
SczhEnG_3491	scaffold230.1|size260421	100.000	29	0	0	112380	112408	214730	214702	0.007	54.7
SczhEnG_3492	scaffold5403.1|size27525	100.000	28	0	0	287282	287309	22808	22835	0.026	52.8
SczhEnG_3525	scaffold8332.1|size6794	96.499	657	23	0	289	945	171	827	0.0	1086
SczhEnG_3525	scaffold8332.1|size6794	96.499	657	23	0	289	945	5961	6617	0.0	1086
SczhEnG_3525	scaffold8332.1|size6794	97.521	121	3	0	825	945	2782	2902	1.82e-51	207
SczhEnG_3528	scaffold4019.1|size63226	100.000	28	0	0	33222	33249	51933	51960	0.025	52.8
SczhEnG_3574	scaffold658.1|size175746	96.875	32	1	0	73923	73954	143627	143658	0.007	54.7
SczhEnG_3584	scaffold2955.1|size66548	93.333	45	1	2	551132	551174	39911	39867	5.76e-06	65.8
SczhEnG_3627	scaffold4461.1|size39456	97.222	36	0	1	54865	54900	11449	11415	5.93e-05	60.2
SczhEnG_3631	scaffold145.1|size471898	97.143	35	1	0	546809	546843	337060	337026	2.53e-04	60.2
SczhEnG_3646	scaffold7769.1|size9393	91.568	759	64	0	95	853	310	1068	0.0	1048
SczhEnG_3646	scaffold7769.1|size9393	91.803	366	24	6	760	1122	3334	3696	8.30e-141	505
SczhEnG_3646	scaffold7769.1|size9393	91.803	366	24	6	760	1122	9005	9367	8.30e-141	505
SczhEnG_3669	scaffold588.1|size186386	96.774	31	1	0	42436	42466	170071	170041	0.015	52.8
SczhEnG_3687	scaffold778.1|size163404	92.683	41	3	0	25	65	110038	109998	5.34e-07	60.2
SczhEnG_3687	scaffold778.1|size163404	81.690	71	7	3	27	96	110085	110020	2.48e-05	54.7
SczhEnG_3694	scaffold10141.1|size1918	100.000	31	0	0	61351	61381	686	716	3.63e-04	58.4
SczhEnG_3701	scaffold50525.1|size153	100.000	28	0	0	834965	834992	61	34	0.080	52.8
SczhEnG_3704	scaffold755.1|size165019	100.000	28	0	0	66371	66398	112131	112158	0.014	52.8
SczhEnG_3738	scaffold7592.1|size12598	93.492	461	28	2	1575	2034	5895	5436	0.0	684
SczhEnG_3738	scaffold7592.1|size12598	93.492	461	28	2	1575	2034	11737	11278	0.0	684
SczhEnG_3738	scaffold7592.1|size12598	93.217	457	29	2	1575	2030	2183	1728	0.0	671
SczhEnG_3738	scaffold7592.1|size12598	92.705	329	21	3	1707	2034	482	156	1.15e-130	472
SczhEnG_3738	scaffold7592.1|size12598	87.123	365	33	8	619	976	8800	8443	1.53e-109	401
SczhEnG_3738	scaffold7592.1|size12598	87.915	331	37	3	993	1323	2542	2215	4.28e-105	387
SczhEnG_3738	scaffold7592.1|size12598	82.864	391	32	14	1112	1492	6255	5890	1.58e-84	318
SczhEnG_3738	scaffold7592.1|size12598	82.864	391	32	14	1112	1492	12097	11732	1.58e-84	318
SczhEnG_3738	scaffold7592.1|size12598	91.608	143	12	0	619	761	6476	6334	2.15e-48	198
SczhEnG_3738	scaffold7592.1|size12598	91.608	143	12	0	619	761	12318	12176	2.15e-48	198
SczhEnG_3738	scaffold7592.1|size12598	97.872	47	1	0	1446	1492	2224	2178	2.26e-13	82.4
SczhEnG_3808	scaffold8143.1|size9494	97.059	34	1	0	332244	332277	3760	3793	0.001	58.4
SczhEnG_3823	scaffold5010.1|size60825	96.774	31	1	0	407134	407164	29468	29438	0.046	52.8
SczhEnG_3825	scaffold843.1|size158467	96.875	32	0	1	5228	5258	46018	45987	0.019	52.8
SczhEnG_3826	scaffold10.1|size534768	100.000	31	0	0	7168	7198	330781	330751	4.09e-04	58.4
SczhEnG_3828	scaffold529.1|size191693	95.652	46	1	1	23	67	119220	119265	6.15e-10	73.1
SczhEnG_3854	scaffold2741.1|size74257	100.000	29	0	0	114359	114387	66104	66076	0.005	54.7
SczhEnG_3860	scaffold10976.1|size7142	90.049	814	63	11	1136	1935	4517	3708	0.0	1038
SczhEnG_3860	scaffold10976.1|size7142	87.571	531	57	8	896	1422	872	347	8.03e-172	608
SczhEnG_3860	scaffold10976.1|size7142	87.571	531	57	8	896	1422	6828	6303	8.03e-172	608
SczhEnG_3860	scaffold10976.1|size7142	85.870	368	29	11	573	939	4898	4553	4.12e-100	370
SczhEnG_3860	scaffold10976.1|size7142	88.561	271	30	1	1798	2067	3716	3446	2.52e-87	327
SczhEnG_3860	scaffold10976.1|size7142	82.891	339	21	18	496	829	1343	1037	4.30e-70	270
SczhEnG_3860	scaffold10976.1|size7142	82.891	339	21	18	496	829	7299	6993	4.30e-70	270
SczhEnG_3860	scaffold10976.1|size7142	93.333	150	10	0	281	430	1493	1344	1.22e-55	222
SczhEnG_3860	scaffold10976.1|size7142	93.333	150	10	0	281	430	7449	7300	1.22e-55	222
SczhEnG_3860	scaffold10976.1|size7142	94.444	72	4	0	168	239	1565	1494	2.76e-22	111
SczhEnG_3860	scaffold10976.1|size7142	94.444	72	4	0	168	239	7521	7450	2.76e-22	111
SczhEnG_3860	scaffold10976.1|size7142	96.552	58	2	0	882	939	928	871	7.73e-18	97.1
SczhEnG_3860	scaffold10976.1|size7142	96.552	58	2	0	882	939	6884	6827	7.73e-18	97.1
SczhEnG_3916	scaffold7764.1|size9425	92.222	90	6	1	27979	28067	2290	2201	6.21e-25	126
SczhEnG_3928	scaffold1952.1|size95184	92.683	41	1	2	100861	100899	56416	56376	3.71e-04	58.4
SczhEnG_3974	scaffold8286.1|size18106	100.000	29	0	0	23	51	9254	9282	5.21e-05	54.7
SczhEnG_4006	scaffold59.1|size365495	100.000	30	0	0	169976	170005	344724	344695	0.002	56.5
SczhEnG_4012	scaffold1304.1|size242089	85.714	63	5	2	29516	29578	67365	67307	9.21e-06	63.9
SczhEnG_4013	scaffold58867.1|size114	100.000	30	0	0	214822	214851	42	13	0.001	56.5
SczhEnG_4013	scaffold58867.1|size114	100.000	30	0	0	214822	214851	48	19	0.001	56.5
SczhEnG_4013	scaffold58867.1|size114	100.000	30	0	0	214822	214851	54	25	0.001	56.5
SczhEnG_4013	scaffold58867.1|size114	100.000	30	0	0	214822	214851	60	31	0.001	56.5
SczhEnG_4013	scaffold58867.1|size114	100.000	30	0	0	214822	214851	66	37	0.001	56.5
SczhEnG_4013	scaffold58867.1|size114	100.000	30	0	0	214822	214851	72	43	0.001	56.5
SczhEnG_4013	scaffold58867.1|size114	100.000	30	0	0	214822	214851	78	49	0.001	56.5
SczhEnG_4013	scaffold58867.1|size114	100.000	30	0	0	214822	214851	84	55	0.001	56.5
SczhEnG_4013	scaffold58867.1|size114	100.000	30	0	0	214822	214851	90	61	0.001	56.5
SczhEnG_4013	scaffold58867.1|size114	100.000	30	0	0	214822	214851	96	67	0.001	56.5
SczhEnG_4013	scaffold58867.1|size114	100.000	30	0	0	214822	214851	102	73	0.001	56.5
SczhEnG_4013	scaffold58867.1|size114	100.000	30	0	0	214822	214851	108	79	0.001	56.5
SczhEnG_4013	scaffold58867.1|size114	100.000	30	0	0	214822	214851	114	85	0.001	56.5
SczhEnG_4018	scaffold1695.1|size105566	93.023	43	2	1	200848	200889	17689	17731	2.91e-05	62.1
SczhEnG_4046	scaffold544.1|size189386	100.000	28	0	0	57224	57251	160516	160489	0.029	52.8
SczhEnG_4063	scaffold578.1|size184707	85.714	56	2	3	25303	25352	167008	166953	0.001	54.7
SczhEnG_4064	scaffold7719.1|size11670	100.000	32	0	0	1785	1816	4184	4153	9.73e-07	60.2
SczhEnG_4064	scaffold7719.1|size11670	100.000	32	0	0	1785	1816	6130	6099	9.73e-07	60.2
SczhEnG_4068	scaffold552.1|size189238	94.595	37	2	0	778527	778563	151029	151065	0.001	58.4
SczhEnG_4071	scaffold7719.1|size11670	88.388	732	47	20	801	1517	1213	1921	0.0	846
SczhEnG_4071	scaffold7719.1|size11670	86.997	746	45	24	801	1517	6514	7236	0.0	793
SczhEnG_4071	scaffold7719.1|size11670	88.331	617	46	15	916	1517	10312	10917	0.0	717
SczhEnG_4071	scaffold7719.1|size11670	87.612	557	43	15	976	1517	8212	8757	3.22e-176	623
SczhEnG_4071	scaffold7719.1|size11670	87.984	258	9	9	801	1050	4229	4472	1.72e-74	285
SczhEnG_4071	scaffold7719.1|size11670	85.816	282	19	8	91	371	5795	6056	8.02e-73	279
SczhEnG_4071	scaffold7719.1|size11670	95.425	153	4	3	402	553	6087	6237	3.79e-61	241
SczhEnG_4071	scaffold7719.1|size11670	89.000	200	10	6	1845	2044	2197	2384	4.90e-60	237
SczhEnG_4071	scaffold7719.1|size11670	89.000	200	10	6	1845	2044	7512	7699	4.90e-60	237
SczhEnG_4071	scaffold7719.1|size11670	89.000	200	10	6	1845	2044	9033	9220	4.90e-60	237
SczhEnG_4071	scaffold7719.1|size11670	89.000	200	10	6	1845	2044	11193	11380	4.90e-60	237
SczhEnG_4071	scaffold7719.1|size11670	81.288	326	30	17	2135	2435	2544	2863	1.76e-59	235
SczhEnG_4071	scaffold7719.1|size11670	81.288	326	30	17	2135	2435	7859	8178	1.76e-59	235
SczhEnG_4071	scaffold7719.1|size11670	81.818	220	18	6	153	371	3816	4014	2.34e-38	165
SczhEnG_4071	scaffold7719.1|size11670	94.845	97	5	0	1599	1695	1958	2054	1.83e-34	152
SczhEnG_4071	scaffold7719.1|size11670	94.845	97	5	0	1599	1695	7273	7369	1.83e-34	152
SczhEnG_4071	scaffold7719.1|size11670	94.845	97	5	0	1599	1695	8794	8890	1.83e-34	152
SczhEnG_4071	scaffold7719.1|size11670	94.845	97	5	0	1599	1695	10954	11050	1.83e-34	152
SczhEnG_4071	scaffold7719.1|size11670	95.946	74	3	0	2135	2208	9511	9584	5.15e-25	121
SczhEnG_4071	scaffold7719.1|size11670	90.805	87	6	2	1347	1431	9	95	2.39e-23	115
SczhEnG_4071	scaffold7719.1|size11670	94.286	70	4	0	1094	1163	4471	4540	4.01e-21	108
SczhEnG_4071	scaffold7719.1|size11670	92.105	76	5	1	634	708	6249	6324	1.44e-20	106
SczhEnG_4071	scaffold7719.1|size11670	92.424	66	4	1	1599	1663	198	263	1.12e-16	93.5
SczhEnG_4071	scaffold7719.1|size11670	86.022	93	1	5	801	893	6407	6487	1.45e-15	89.8
SczhEnG_4071	scaffold7719.1|size11670	91.935	62	4	1	648	708	1069	1130	1.88e-14	86.1
SczhEnG_4071	scaffold7719.1|size11670	97.727	44	1	0	402	445	4141	4184	1.13e-11	76.8
SczhEnG_4071	scaffold7719.1|size11670	100.000	37	0	0	2060	2096	2453	2489	1.89e-09	69.4
SczhEnG_4071	scaffold7719.1|size11670	100.000	37	0	0	2060	2096	7768	7804	1.89e-09	69.4
SczhEnG_4071	scaffold7719.1|size11670	100.000	37	0	0	2060	2096	9289	9325	1.89e-09	69.4
SczhEnG_4071	scaffold7719.1|size11670	100.000	37	0	0	2060	2096	9420	9456	1.89e-09	69.4
SczhEnG_4103	scaffold895.1|size184301	100.000	28	0	0	204022	204049	176773	176800	0.045	52.8
SczhEnG_4106	scaffold52.1|size380577	97.059	34	1	0	554183	554216	55468	55501	0.001	58.4
SczhEnG_4106	scaffold52.1|size380577	96.875	32	1	0	554183	554214	55453	55484	0.016	54.7
SczhEnG_4124	scaffold587.1|size188863	94.444	36	2	0	52596	52631	143600	143565	0.002	56.5
SczhEnG_4129	scaffold7724.1|size9700	90.993	755	68	0	177	931	332	1086	0.0	1018
SczhEnG_4129	scaffold7724.1|size9700	90.993	755	68	0	177	931	6176	6930	0.0	1018
SczhEnG_4129	scaffold7724.1|size9700	88.976	508	37	12	854	1345	9058	9562	1.79e-172	610
SczhEnG_4129	scaffold7724.1|size9700	95.870	339	14	0	1190	1528	9563	9901	3.95e-154	549
SczhEnG_4129	scaffold7724.1|size9700	94.203	276	15	1	1278	1553	3291	3565	3.23e-115	420
SczhEnG_4134	scaffold2305.1|size121121	100.000	34	0	0	34688	34721	46771	46738	1.28e-05	63.9
SczhEnG_4134	scaffold2305.1|size121121	100.000	29	0	0	34693	34721	52528	52500	0.008	54.7
SczhEnG_4149	scaffold3901.1|size48581	100.000	28	0	0	23635	23662	8589	8562	0.004	52.8
SczhEnG_4171	scaffold2748.1|size71683	94.444	36	2	0	94100	94135	52647	52682	0.001	56.5
SczhEnG_4172	scaffold5461.1|size26884	100.000	36	0	0	152871	152906	23899	23864	1.33e-06	67.6
SczhEnG_4198	scaffold6358.1|size18786	100.000	28	0	0	137273	137300	2246	2273	0.012	52.8
SczhEnG_4200	scaffold2539.1|size76650	100.000	30	0	0	130568	130597	35711	35740	0.002	56.5
SczhEnG_4207	scaffold3731.1|size51334	96.875	32	1	0	636	667	9555	9524	2.06e-05	54.7
SczhEnG_4209	scaffold249.1|size274694	90.909	44	2	2	212434	212475	9673	9630	1.02e-04	60.2
SczhEnG_4215	scaffold897.1|size154657	100.000	30	0	0	166362	166391	92282	92253	0.001	56.5
SczhEnG_4215	scaffold897.1|size154657	100.000	29	0	0	166363	166391	91755	91727	0.005	54.7
SczhEnG_4215	scaffold897.1|size154657	100.000	29	0	0	166363	166391	92181	92153	0.005	54.7
SczhEnG_4215	scaffold897.1|size154657	100.000	29	0	0	166363	166391	92191	92163	0.005	54.7
SczhEnG_4215	scaffold897.1|size154657	100.000	29	0	0	166363	166391	92201	92173	0.005	54.7
SczhEnG_4215	scaffold897.1|size154657	100.000	29	0	0	166363	166391	92271	92243	0.005	54.7
SczhEnG_4215	scaffold897.1|size154657	100.000	29	0	0	166363	166391	92341	92313	0.005	54.7
SczhEnG_4231	scaffold1365.1|size229487	100.000	30	0	0	48732	48761	28252	28281	0.008	56.5
SczhEnG_4255	scaffold6613.1|size16708	96.875	32	1	0	2517	2548	4825	4794	7.14e-05	54.7
SczhEnG_4270	scaffold7769.1|size9393	86.917	1307	125	21	243	1545	1087	2351	0.0	1426
SczhEnG_4270	scaffold7769.1|size9393	86.917	1307	125	22	243	1545	6758	8022	0.0	1426
SczhEnG_4270	scaffold7769.1|size9393	93.730	319	20	0	1630	1948	2397	2715	7.27e-133	479
SczhEnG_4270	scaffold7769.1|size9393	93.730	319	20	0	1630	1948	8068	8386	7.27e-133	479
SczhEnG_4270	scaffold7769.1|size9393	94.030	201	12	0	1861	2061	2717	2917	1.31e-80	305
SczhEnG_4270	scaffold7769.1|size9393	94.030	201	12	0	1861	2061	8388	8588	1.31e-80	305
SczhEnG_4270	scaffold7769.1|size9393	94.767	172	9	0	2130	2301	3146	3317	1.71e-69	268
SczhEnG_4270	scaffold7769.1|size9393	94.767	172	9	0	2130	2301	8817	8988	1.71e-69	268
SczhEnG_4270	scaffold7769.1|size9393	93.293	164	11	0	1947	2110	2919	3082	1.04e-61	243
SczhEnG_4270	scaffold7769.1|size9393	93.293	164	11	0	1947	2110	8590	8753	1.04e-61	243
SczhEnG_4273	scaffold8812.1|size4995	100.000	28	0	0	120316	120343	3672	3699	0.019	52.8
SczhEnG_4355	scaffold3075.1|size64185	100.000	32	0	0	25305	25336	9217	9186	4.06e-05	60.2
SczhEnG_4358	scaffold7767.1|size9408	92.530	589	40	4	334	920	8892	8306	0.0	841
SczhEnG_4358	scaffold7767.1|size9408	92.449	437	29	4	486	920	7499	7065	2.99e-176	623
SczhEnG_4358	scaffold7767.1|size9408	92.627	434	28	4	489	920	1762	1331	1.07e-175	621
SczhEnG_4358	scaffold7767.1|size9408	84.783	552	62	7	1716	2267	691	162	1.44e-149	534
SczhEnG_4358	scaffold7767.1|size9408	84.783	552	62	7	1716	2267	6425	5896	1.44e-149	534
SczhEnG_4358	scaffold7767.1|size9408	91.277	321	26	2	169	488	9213	8894	4.18e-120	436
SczhEnG_4358	scaffold7767.1|size9408	89.542	306	32	0	1010	1315	1259	954	1.19e-105	388
SczhEnG_4358	scaffold7767.1|size9408	89.542	306	32	0	1010	1315	3368	3063	1.19e-105	388
SczhEnG_4358	scaffold7767.1|size9408	89.542	306	32	0	1010	1315	6993	6688	1.19e-105	388
SczhEnG_4358	scaffold7767.1|size9408	89.542	306	32	0	1010	1315	8234	7929	1.19e-105	388
SczhEnG_4358	scaffold7767.1|size9408	82.452	416	51	7	1760	2175	2916	2523	2.60e-92	344
SczhEnG_4358	scaffold7767.1|size9408	86.321	212	12	5	709	920	3634	3440	2.13e-53	215
SczhEnG_4359	scaffold289.1|size287290	96.875	32	1	0	70746	70777	271859	271828	0.002	54.7
SczhEnG_4375	scaffold761.1|size164655	96.970	33	0	1	131391	131422	147163	147131	0.016	54.7
SczhEnG_4399	scaffold2982.1|size65969	100.000	30	0	0	56781	56810	65566	65595	3.73e-04	56.5
SczhEnG_4399	scaffold2982.1|size65969	100.000	29	0	0	56781	56809	65636	65664	0.001	54.7
SczhEnG_4399	scaffold2982.1|size65969	100.000	29	0	0	56781	56809	65820	65848	0.001	54.7
SczhEnG_4399	scaffold2982.1|size65969	100.000	29	0	0	56781	56809	65942	65970	0.001	54.7
SczhEnG_4404	scaffold8230.1|size7169	96.468	453	15	1	87	538	2705	3157	0.0	747
SczhEnG_4404	scaffold8230.1|size7169	94.444	180	9	1	702	881	3354	3532	4.17e-72	276
SczhEnG_4404	scaffold8230.1|size7169	95.604	91	4	0	556	646	3251	3341	3.41e-33	147
SczhEnG_4404	scaffold8230.1|size7169	100.000	45	0	0	883	927	1	45	2.71e-14	84.2
