SczhEnG_1004	scaffold7223.1|size20424	96.522	460	15	1	1646	2104	7293	7752	0.0	760
SczhEnG_1112	scaffold8286.1|size18106	95.714	70	3	0	12663	12732	17123	17192	5.10e-22	113
SczhEnG_1132	scaffold8101.1|size12358	89.666	329	31	3	1032	1360	8845	9170	5.45e-114	416
SczhEnG_1249	scaffold5006.1|size33048	81.928	83	13	2	327057	327138	24858	24939	5.48e-07	69.4
SczhEnG_1323	scaffold7872.1|size8912	98.148	54	1	0	315	368	531	584	2.14e-17	95.3
SczhEnG_1429	scaffold7872.1|size8912	96.330	109	4	0	612	720	627	735	6.48e-43	180
SczhEnG_1446	scaffold4826.1|size34275	73.717	643	147	15	1059	1692	4386	5015	3.62e-58	231
SczhEnG_1467	scaffold4845.1|size35134	93.182	44	3	0	95746	95789	20855	20812	1.59e-06	65.8
SczhEnG_1713	scaffold24816.1|size433	80.074	271	45	9	5779	6044	167	433	4.14e-46	193
SczhEnG_1873	scaffold9461.1|size9599	91.379	58	4	1	960	1017	6186	6242	1.24e-12	78.7
SczhEnG_1897	scaffold2613.1|size83683	100.000	36	0	0	772361	772396	71831	71866	2.34e-06	67.6
SczhEnG_191	scaffold5386.1|size30911	80.217	460	76	14	20041	20496	24111	23663	2.71e-87	331
SczhEnG_2032	scaffold1693.1|size105633	97.826	46	1	0	40744	40789	26207	26162	7.10e-11	80.5
SczhEnG_205	scaffold5055.1|size50094	97.674	43	1	0	239237	239279	8596	8638	7.84e-09	75.0
SczhEnG_2088	scaffold2067.1|size90749	100.000	34	0	0	121651	121684	53172	53205	6.83e-06	63.9
SczhEnG_2099	scaffold4969.1|size69705	86.577	149	14	4	5202	5347	13991	14136	2.34e-36	159
SczhEnG_2143	scaffold8153.1|size7498	89.454	1081	91	8	174	1250	1593	532	0.0	1343
SczhEnG_2183	scaffold5386.1|size30911	92.912	1312	68	9	4930	6236	28628	29919	0.0	1886
SczhEnG_2242	scaffold8101.1|size12358	90.130	385	23	7	182	554	7231	7612	2.61e-135	486
SczhEnG_2252	scaffold61392.1|size105	89.041	73	4	4	39741	39811	31	101	2.90e-13	87.9
SczhEnG_2336	scaffold11468.1|size9254	98.969	97	0	1	2570	2666	6801	6706	4.91e-40	172
SczhEnG_2353	scaffold8198.1|size7337	92.791	971	68	2	248	1217	3543	4512	0.0	1404
SczhEnG_241	scaffold502.1|size262339	94.595	37	0	2	710	744	203777	203813	8.02e-06	56.5
SczhEnG_2411	scaffold4998.1|size31953	99.310	1450	9	1	1	1450	3669	2221	0.0	2621
SczhEnG_2507	scaffold7719.1|size11670	100.000	32	0	0	65	96	4153	4184	8.00e-07	60.2
SczhEnG_254	scaffold4573.1|size40165	91.667	48	4	0	1274929	1274976	18364	18317	3.81e-06	67.6
SczhEnG_2655	scaffold4969.1|size69705	96.093	691	25	2	7970	8659	27990	27301	0.0	1125
SczhEnG_270	scaffold6685.1|size41654	99.074	108	1	0	3429	3536	30812	30919	4.45e-47	195
SczhEnG_2709	scaffold15892.1|size750	87.719	57	5	2	60859	60914	749	694	1.87e-06	65.8
SczhEnG_280	scaffold1899.1|size238565	69.988	823	237	10	3873	4690	75169	74352	4.88e-31	143
SczhEnG_2887	scaffold4818.1|size34747	97.368	38	0	1	182668	182705	3275	3239	7.93e-06	63.9
SczhEnG_2955	scaffold1031.1|size143042	95.238	42	2	0	107748	107789	72727	72686	1.29e-06	67.6
SczhEnG_2978	scaffold61392.1|size105	88.889	81	4	5	302830	302908	103	26	1.24e-14	95.3
SczhEnG_2998	scaffold6672.1|size41386	98.030	1421	28	0	5421	6841	22824	21404	0.0	2470
SczhEnG_3011	scaffold3634.1|size52958	75.159	157	33	6	7979	8134	24178	24027	9.29e-09	69.4
SczhEnG_307	scaffold3601.1|size53442	84.507	71	8	2	168	235	29753	29823	2.72e-09	67.6
SczhEnG_3097	scaffold738.1|size167167	78.218	101	22	0	126644	126744	50461	50561	1.29e-06	65.8
SczhEnG_3178	scaffold5386.1|size30911	87.500	64	7	1	15178	15241	28401	28339	9.36e-10	73.1
SczhEnG_3253	scaffold5386.1|size30911	86.316	95	13	0	563905	563999	29766	29672	1.20e-17	104
SczhEnG_3284	scaffold7223.1|size20424	81.915	282	42	1	1222	1494	13303	13584	7.28e-58	230
SczhEnG_3309	scaffold3929.1|size57123	86.547	223	26	4	482	701	5260	5039	6.88e-62	243
SczhEnG_3323	scaffold3736.1|size51197	79.703	202	40	1	222291	222491	25786	25585	4.36e-30	145
SczhEnG_3381	scaffold507.1|size305965	82.558	86	12	3	418391	418474	114678	114762	4.14e-08	73.1
SczhEnG_3398	scaffold7963.1|size8410	100.000	47	0	0	3323	3369	6954	6908	7.03e-15	87.9
SczhEnG_3433	scaffold4306.1|size49852	90.741	54	5	0	1254843	1254896	39758	39811	7.96e-08	73.1
SczhEnG_3525	scaffold8332.1|size6794	96.499	657	23	0	289	945	171	827	0.0	1086
SczhEnG_3584	scaffold2955.1|size66548	93.333	45	1	2	551132	551174	39911	39867	5.76e-06	65.8
SczhEnG_3646	scaffold7769.1|size9393	91.568	759	64	0	95	853	310	1068	0.0	1048
SczhEnG_3687	scaffold778.1|size163404	92.683	41	3	0	25	65	110038	109998	5.34e-07	60.2
SczhEnG_3738	scaffold7592.1|size12598	93.492	461	28	2	1575	2034	5895	5436	0.0	684
SczhEnG_382	scaffold5386.1|size30911	82.716	81	12	2	13965	14044	27506	27585	1.56e-08	71.3
SczhEnG_3828	scaffold529.1|size191693	95.652	46	1	1	23	67	119220	119265	6.15e-10	73.1
SczhEnG_3860	scaffold10976.1|size7142	90.049	814	63	11	1136	1935	4517	3708	0.0	1038
SczhEnG_3916	scaffold7764.1|size9425	92.222	90	6	1	27979	28067	2290	2201	6.21e-25	126
SczhEnG_4012	scaffold1304.1|size242089	85.714	63	5	2	29516	29578	67365	67307	9.21e-06	63.9
SczhEnG_4064	scaffold7719.1|size11670	100.000	32	0	0	1785	1816	4184	4153	9.73e-07	60.2
SczhEnG_4071	scaffold7719.1|size11670	88.388	732	47	20	801	1517	1213	1921	0.0	846
SczhEnG_4129	scaffold7724.1|size9700	90.993	755	68	0	177	931	332	1086	0.0	1018
SczhEnG_4172	scaffold5461.1|size26884	100.000	36	0	0	152871	152906	23899	23864	1.33e-06	67.6
SczhEnG_4270	scaffold7769.1|size9393	86.917	1307	125	21	243	1545	1087	2351	0.0	1426
SczhEnG_4358	scaffold7767.1|size9408	92.530	589	40	4	334	920	8892	8306	0.0	841
SczhEnG_4404	scaffold8230.1|size7169	96.468	453	15	1	87	538	2705	3157	0.0	747
SczhEnG_443	scaffold3442.1|size104216	76.355	203	35	6	1909	2107	36221	36028	7.95e-22	115
SczhEnG_483	scaffold61392.1|size105	90.000	80	3	5	144619	144695	104	27	5.69e-16	99.0
SczhEnG_78	scaffold69.1|size353428	97.500	40	1	0	210083	210122	321083	321044	3.01e-07	69.4
SczhEnG_955	scaffold861.1|size176854	100.000	34	0	0	88958	88991	82651	82618	4.89e-06	63.9
